#	团簇类型	type																							
#	V---	1		VW--	5		‘-W-He	9		V-BeHe	13														
#	-W--	2		V-Be-	6		’--BeHe	10		‘-WBeHe	14														
#	--Be-	3		V--He	7		VWBe-	11		VWBeHe	15														
#	’---He	4		-WBe-	8		VW-He	12																	
#	radius																								
#	site		site存在property数组中		0~bcc	1~tis	2~ois																		
#	type		设置为-1可交给程序自动刷新																						
#	radius		// radius小于等于0的团簇均会改成程序默认参数						radius 太难算，我选择集成在程序内部																
#	0	1	2	3	4	5	6	7	8	9	10	11	12	13	14	15	16	17	18	19	20	21	22	23	24
#\t	#type	size	size	size	size	0	1	2	3	4	5	6	7	8	9	10	11	12	13	14	15	16	17	18	19
#	type	V	W	Be	He	F_mig	E_mig	F1	E_bind1	E_mig1	F2	E_bind2	E_mig2	F3	E_bind3	E_mig3	F4	E_bind4	E_mig4	radius	site	F_rot	E_rot	Ftm	Etm
###	###	###	###	###	V---	###	###	###	###	###															
	1	1	0	0	0	1.49E+13	1.68	6.00E+12	10	1.66	6.00E+12	10	10	6.00E+12	10	10	6.00E+12	10	10	-1	0	6.00E+12	10	6.00E+12	10
	1	2	0	0	0	6.00E+09	1.44	6.00E+12	-0.410826822	1.66	6.00E+12	10	10	6.00E+12	10	10	6.00E+12	10	10	-1	0	6.00E+12	10	6.00E+12	10
	1	3	0	0	0	6.00E+06	0.83	6.00E+12	-0.063582912	1.66	6.00E+12	10	10	6.00E+12	10	10	6.00E+12	10	10	-1	0	6.00E+12	10	6.00E+12	10
	1	4	0	0	0	6.00E+03	1.53	6.00E+12	0.837037746	1.66	6.00E+12	10	10	6.00E+12	10	10	6.00E+12	10	10	-1	0	6.00E+12	10	6.00E+12	10
	1	5	0	0	0	6.00E+12	10	6.00E+12	0.835654305	1.66	6.00E+12	10	10	6.00E+12	10	10	6.00E+12	10	10	-1	0	6.00E+12	10	6.00E+12	10
	1	6	0	0	0	6.00E+12	10	6.00E+12	1.182898214	1.66	6.00E+12	10	10	6.00E+12	10	10	6.00E+12	10	10	-1	0	6.00E+12	10	6.00E+12	10
	1	7	0	0	0	6.00E+12	10	6.00E+12	0.837037746	1.66	6.00E+12	10	10	6.00E+12	10	10	6.00E+12	10	10	-1	0	6.00E+12	10	6.00E+12	10
	1	8	0	0	0	6.00E+12	10	6.00E+12	1.390414495	1.66	6.00E+12	10	10	6.00E+12	10	10	6.00E+12	10	10	-1	0	6.00E+12	10	6.00E+12	10
	1	9	0	0	0	6.00E+12	10	6.00E+12	1.182898214	1.66	6.00E+12	10	10	6.00E+12	10	10	6.00E+12	10	10	-1	0	6.00E+12	10	6.00E+12	10
	1	10	0	0	0	6.00E+12	10	6.00E+12	1.182898214	1.66	6.00E+12	10	10	6.00E+12	10	10	6.00E+12	10	10	-1	0	6.00E+12	10	6.00E+12	10
	1	11	0	0	0	6.00E+12	10	6.00E+12	1.737658405	1.66	6.00E+12	10	10	6.00E+12	10	10	6.00E+12	10	10	-1	0	6.00E+12	10	6.00E+12	10
	1	12	0	0	0	6.00E+12	10	6.00E+12	1.182898214	1.66	6.00E+12	10	10	6.00E+12	10	10	6.00E+12	10	10	-1	0	6.00E+12	10	6.00E+12	10
	1	13	0	0	0	6.00E+12	10	6.00E+12	1.736274963	1.66	6.00E+12	10	10	6.00E+12	10	10	6.00E+12	10	10	-1	0	6.00E+12	10	6.00E+12	10
	1	14	0	0	0	6.00E+12	10	6.00E+12	2.429379341	1.66	6.00E+12	10	10	6.00E+12	10	10	6.00E+12	10	10	-1	0	6.00E+12	10	6.00E+12	10
	1	15	0	0	0	6.00E+12	10	6.00E+12	2.636895622	1.66	6.00E+12	10	10	6.00E+12	10	10	6.00E+12	10	10	-1	0	6.00E+12	10	6.00E+12	10
	1	16	0	0	0	6.00E+12	10	6.00E+12	1.182898214	1.66	6.00E+12	10	10	6.00E+12	10	10	6.00E+12	10	10	-1	0	6.00E+12	10	6.00E+12	10
	1	17	0	0	0	6.00E+12	10	6.00E+12	1.184281656	1.66	6.00E+12	10	10	6.00E+12	10	10	6.00E+12	10	10	-1	0	6.00E+12	10	6.00E+12	10
	1	18	0	0	0	6.00E+12	10	6.00E+12	1.736274963	1.66	6.00E+12	10	10	6.00E+12	10	10	6.00E+12	10	10	-1	0	6.00E+12	10	6.00E+12	10
	1	19	0	0	0	6.00E+12	10	6.00E+12	1.182898214	1.66	6.00E+12	10	10	6.00E+12	10	10	6.00E+12	10	10	-1	0	6.00E+12	10	6.00E+12	10
	1	20	0	0	0	6.00E+12	10	6.00E+12	2.083518873	1.66	6.00E+12	10	10	6.00E+12	10	10	6.00E+12	10	10	-1	0	6.00E+12	10	6.00E+12	10
	1	21	0	0	0	6.00E+12	10	6.00E+12	2.083518873	1.66	6.00E+12	10	10	6.00E+12	10	10	6.00E+12	10	10	-1	0	6.00E+12	10	6.00E+12	10
	1	22	0	0	0	6.00E+12	10	6.00E+12	2.636895622	1.66	6.00E+12	10	10	6.00E+12	10	10	6.00E+12	10	10	-1	0	6.00E+12	10	6.00E+12	10
	1	23	0	0	0	6.00E+12	10	6.00E+12	1.182898214	1.66	6.00E+12	10	10	6.00E+12	10	10	6.00E+12	10	10	-1	0	6.00E+12	10	6.00E+12	10
	1	24	0	0	0	6.00E+12	10	6.00E+12	2.429379341	1.66	6.00E+12	10	10	6.00E+12	10	10	6.00E+12	10	10	-1	0	6.00E+12	10	6.00E+12	10
	1	25	0	0	0	6.00E+12	10	6.00E+12	1.182898214	1.66	6.00E+12	10	10	6.00E+12	10	10	6.00E+12	10	10	-1	0	6.00E+12	10	6.00E+12	10
	1	26	0	0	0	6.00E+12	10	6.00E+12	1.737658405	1.66	6.00E+12	10	10	6.00E+12	10	10	6.00E+12	10	10	-1	0	6.00E+12	10	6.00E+12	10
	1	27	0	0	0	6.00E+12	10	6.00E+12	2.429379341	1.66	6.00E+12	10	10	6.00E+12	10	10	6.00E+12	10	10	-1	0	6.00E+12	10	6.00E+12	10
	1	28	0	0	0	6.00E+12	10	6.00E+12	2.636895622	1.66	6.00E+12	10	10	6.00E+12	10	10	6.00E+12	10	10	-1	0	6.00E+12	10	6.00E+12	10
	1	29	0	0	0	6.00E+12	10	6.00E+12	1.182898214	1.66	6.00E+12	10	10	6.00E+12	10	10	6.00E+12	10	10	-1	0	6.00E+12	10	6.00E+12	10
	1	30	0	0	0	6.00E+12	10	6.00E+12	2.083518873	1.66	6.00E+12	10	10	6.00E+12	10	10	6.00E+12	10	10	-1	0	6.00E+12	10	6.00E+12	10
	1	31	0	0	0	6.00E+12	10	6.00E+12	2.429379341	1.66	6.00E+12	10	10	6.00E+12	10	10	6.00E+12	10	10	-1	0	6.00E+12	10	6.00E+12	10
	1	32	0	0	0	6.00E+12	10	6.00E+12	2.636895622	1.66	6.00E+12	10	10	6.00E+12	10	10	6.00E+12	10	10	-1	0	6.00E+12	10	6.00E+12	10
	1	33	0	0	0	6.00E+12	10	6.00E+12	1.182898214	1.66	6.00E+12	10	10	6.00E+12	10	10	6.00E+12	10	10	-1	0	6.00E+12	10	6.00E+12	10
	1	34	0	0	0	6.00E+12	10	6.00E+12	2.083518873	1.66	6.00E+12	10	10	6.00E+12	10	10	6.00E+12	10	10	-1	0	6.00E+12	10	6.00E+12	10
	1	35	0	0	0	6.00E+12	10	6.00E+12	2.429379341	1.66	6.00E+12	10	10	6.00E+12	10	10	6.00E+12	10	10	-1	0	6.00E+12	10	6.00E+12	10
	1	36	0	0	0	6.00E+12	10	6.00E+12	2.636895622	1.66	6.00E+12	10	10	6.00E+12	10	10	6.00E+12	10	10	-1	0	6.00E+12	10	6.00E+12	10
	1	37	0	0	0	6.00E+12	10	6.00E+12	1.184281656	1.66	6.00E+12	10	10	6.00E+12	10	10	6.00E+12	10	10	-1	0	6.00E+12	10	6.00E+12	10
	1	38	0	0	0	6.00E+12	10	6.00E+12	2.22186306	1.66	6.00E+12	10	10	6.00E+12	10	10	6.00E+12	10	10	-1	0	6.00E+12	10	6.00E+12	10
	1	39	0	0	0	6.00E+12	10	6.00E+12	2.636895622	1.66	6.00E+12	10	10	6.00E+12	10	10	6.00E+12	10	10	-1	0	6.00E+12	10	6.00E+12	10
	1	40	0	0	0	6.00E+12	10	6.00E+12	2.636895622	1.66	6.00E+12	10	10	6.00E+12	10	10	6.00E+12	10	10	-1	0	6.00E+12	10	6.00E+12	10
	1	41	0	0	0	6.00E+12	10	6.00E+12	1.182898214	1.66	6.00E+12	10	10	6.00E+12	10	10	6.00E+12	10	10	-1	0	6.00E+12	10	6.00E+12	10
	1	42	0	0	0	6.00E+12	10	6.00E+12	2.083518873	1.66	6.00E+12	10	10	6.00E+12	10	10	6.00E+12	10	10	-1	0	6.00E+12	10	6.00E+12	10
	1	43	0	0	0	6.00E+12	10	6.00E+12	2.429379341	1.66	6.00E+12	10	10	6.00E+12	10	10	6.00E+12	10	10	-1	0	6.00E+12	10	6.00E+12	10
	1	44	0	0	0	6.00E+12	10	6.00E+12	2.636895622	1.66	6.00E+12	10	10	6.00E+12	10	10	6.00E+12	10	10	-1	0	6.00E+12	10	6.00E+12	10
	1	45	0	0	0	6.00E+12	10	6.00E+12	2.083518873	1.66	6.00E+12	10	10	6.00E+12	10	10	6.00E+12	10	10	-1	0	6.00E+12	10	6.00E+12	10
	1	46	0	0	0	6.00E+12	10	6.00E+12	2.636895622	1.66	6.00E+12	10	10	6.00E+12	10	10	6.00E+12	10	10	-1	0	6.00E+12	10	6.00E+12	10
	1	47	0	0	0	6.00E+12	10	6.00E+12	1.182898214	1.66	6.00E+12	10	10	6.00E+12	10	10	6.00E+12	10	10	-1	0	6.00E+12	10	6.00E+12	10
	1	48	0	0	0	6.00E+12	10	6.00E+12	2.776623251	1.66	6.00E+12	10	10	6.00E+12	10	10	6.00E+12	10	10	-1	0	6.00E+12	10	6.00E+12	10
	1	49	0	0	0	6.00E+12	10	6.00E+12	2.083518873	1.66	6.00E+12	10	10	6.00E+12	10	10	6.00E+12	10	10	-1	0	6.00E+12	10	6.00E+12	10
	1	50	0	0	0	6.00E+12	10	6.00E+12	2.636895622	1.66	6.00E+12	10	10	6.00E+12	10	10	6.00E+12	10	10	-1	0	6.00E+12	10	6.00E+12	10
	1	51	0	0	0	6.00E+12	10	6.00E+12	1.182898214	1.66	6.00E+12	10	10	6.00E+12	10	10	6.00E+12	10	10	-1	0	6.00E+12	10	6.00E+12	10
	1	52	0	0	0	6.00E+12	10	6.00E+12	2.429379341	1.66	6.00E+12	10	10	6.00E+12	10	10	6.00E+12	10	10	-1	0	6.00E+12	10	6.00E+12	10
	1	53	0	0	0	6.00E+12	10	6.00E+12	2.430762783	1.66	6.00E+12	10	10	6.00E+12	10	10	6.00E+12	10	10	-1	0	6.00E+12	10	6.00E+12	10
	1	54	0	0	0	6.00E+12	10	6.00E+12	2.636895622	1.66	6.00E+12	10	10	6.00E+12	10	10	6.00E+12	10	10	-1	0	6.00E+12	10	6.00E+12	10
	1	55	0	0	0	6.00E+12	10	6.00E+12	2.429379341	1.66	6.00E+12	10	10	6.00E+12	10	10	6.00E+12	10	10	-1	0	6.00E+12	10	6.00E+12	10
	1	56	0	0	0	6.00E+12	10	6.00E+12	2.636895622	1.66	6.00E+12	10	10	6.00E+12	10	10	6.00E+12	10	10	-1	0	6.00E+12	10	6.00E+12	10
	1	57	0	0	0	6.00E+12	10	6.00E+12	1.182898214	1.66	6.00E+12	10	10	6.00E+12	10	10	6.00E+12	10	10	-1	0	6.00E+12	10	6.00E+12	10
	1	58	0	0	0	6.00E+12	10	6.00E+12	2.430762783	1.66	6.00E+12	10	10	6.00E+12	10	10	6.00E+12	10	10	-1	0	6.00E+12	10	6.00E+12	10
	1	59	0	0	0	6.00E+12	10	6.00E+12	2.429379341	1.66	6.00E+12	10	10	6.00E+12	10	10	6.00E+12	10	10	-1	0	6.00E+12	10	6.00E+12	10
	1	60	0	0	0	6.00E+12	10	6.00E+12	2.914967438	1.66	6.00E+12	10	10	6.00E+12	10	10	6.00E+12	10	10	-1	0	6.00E+12	10	6.00E+12	10
	1	61	0	0	0	6.00E+12	10	6.00E+12	2.636895622	1.66	6.00E+12	10	10	6.00E+12	10	10	6.00E+12	10	10	-1	0	6.00E+12	10	6.00E+12	10
	1	62	0	0	0	6.00E+12	10	6.00E+12	2.636895622	1.66	6.00E+12	10	10	6.00E+12	10	10	6.00E+12	10	10	-1	0	6.00E+12	10	6.00E+12	10
	1	63	0	0	0	6.00E+12	10	6.00E+12	2.636895622	1.66	6.00E+12	10	10	6.00E+12	10	10	6.00E+12	10	10	-1	0	6.00E+12	10	6.00E+12	10
	1	64	0	0	0	6.00E+12	10	6.00E+12	2.638279064	1.66	6.00E+12	10	10	6.00E+12	10	10	6.00E+12	10	10	-1	0	6.00E+12	10	6.00E+12	10
	1	65	0	0	0	6.00E+12	10	6.00E+12	2.636895622	1.66	6.00E+12	10	10	6.00E+12	10	10	6.00E+12	10	10	-1	0	6.00E+12	10	6.00E+12	10
	1	66	0	0	0	6.00E+12	10	6.00E+12	1.182898214	1.66	6.00E+12	10	10	6.00E+12	10	10	6.00E+12	10	10	-1	0	6.00E+12	10	6.00E+12	10
	1	67	0	0	0	6.00E+12	10	6.00E+12	2.22186306	1.66	6.00E+12	10	10	6.00E+12	10	10	6.00E+12	10	10	-1	0	6.00E+12	10	6.00E+12	10
	1	68	0	0	0	6.00E+12	10	6.00E+12	2.636895622	1.66	6.00E+12	10	10	6.00E+12	10	10	6.00E+12	10	10	-1	0	6.00E+12	10	6.00E+12	10
	1	69	0	0	0	6.00E+12	10	6.00E+12	2.636895622	1.66	6.00E+12	10	10	6.00E+12	10	10	6.00E+12	10	10	-1	0	6.00E+12	10	6.00E+12	10
	1	70	0	0	0	6.00E+12	10	6.00E+12	1.182898214	1.66	6.00E+12	10	10	6.00E+12	10	10	6.00E+12	10	10	-1	0	6.00E+12	10	6.00E+12	10
	1	71	0	0	0	6.00E+12	10	6.00E+12	2.223246502	1.66	6.00E+12	10	10	6.00E+12	10	10	6.00E+12	10	10	-1	0	6.00E+12	10	6.00E+12	10
	1	72	0	0	0	6.00E+12	10	6.00E+12	2.636895622	1.66	6.00E+12	10	10	6.00E+12	10	10	6.00E+12	10	10	-1	0	6.00E+12	10	6.00E+12	10
	1	73	0	0	0	6.00E+12	10	6.00E+12	2.636895622	1.66	6.00E+12	10	10	6.00E+12	10	10	6.00E+12	10	10	-1	0	6.00E+12	10	6.00E+12	10
	1	74	0	0	0	6.00E+12	10	6.00E+12	2.429379341	1.66	6.00E+12	10	10	6.00E+12	10	10	6.00E+12	10	10	-1	0	6.00E+12	10	6.00E+12	10
	1	75	0	0	0	6.00E+12	10	6.00E+12	2.636895622	1.66	6.00E+12	10	10	6.00E+12	10	10	6.00E+12	10	10	-1	0	6.00E+12	10	6.00E+12	10
	1	76	0	0	0	6.00E+12	10	6.00E+12	1.184281656	1.66	6.00E+12	10	10	6.00E+12	10	10	6.00E+12	10	10	-1	0	6.00E+12	10	6.00E+12	10
	1	77	0	0	0	6.00E+12	10	6.00E+12	2.429379341	1.66	6.00E+12	10	10	6.00E+12	10	10	6.00E+12	10	10	-1	0	6.00E+12	10	6.00E+12	10
	1	78	0	0	0	6.00E+12	10	6.00E+12	2.707451158	1.66	6.00E+12	10	10	6.00E+12	10	10	6.00E+12	10	10	-1	0	6.00E+12	10	6.00E+12	10
	1	79	0	0	0	6.00E+12	10	6.00E+12	2.636895622	1.66	6.00E+12	10	10	6.00E+12	10	10	6.00E+12	10	10	-1	0	6.00E+12	10	6.00E+12	10
	1	80	0	0	0	6.00E+12	10	6.00E+12	2.638279064	1.66	6.00E+12	10	10	6.00E+12	10	10	6.00E+12	10	10	-1	0	6.00E+12	10	6.00E+12	10
	1	81	0	0	0	6.00E+12	10	6.00E+12	2.636895622	1.66	6.00E+12	10	10	6.00E+12	10	10	6.00E+12	10	10	-1	0	6.00E+12	10	6.00E+12	10
	1	82	0	0	0	6.00E+12	10	6.00E+12	2.636895622	1.66	6.00E+12	10	10	6.00E+12	10	10	6.00E+12	10	10	-1	0	6.00E+12	10	6.00E+12	10
	1	83	0	0	0	6.00E+12	10	6.00E+12	2.636895622	1.66	6.00E+12	10	10	6.00E+12	10	10	6.00E+12	10	10	-1	0	6.00E+12	10	6.00E+12	10
	1	84	0	0	0	6.00E+12	10	6.00E+12	2.636895622	1.66	6.00E+12	10	10	6.00E+12	10	10	6.00E+12	10	10	-1	0	6.00E+12	10	6.00E+12	10
	1	85	0	0	0	6.00E+12	10	6.00E+12	1.182898214	1.66	6.00E+12	10	10	6.00E+12	10	10	6.00E+12	10	10	-1	0	6.00E+12	10	6.00E+12	10
	1	86	0	0	0	6.00E+12	10	6.00E+12	2.36159069	1.66	6.00E+12	10	10	6.00E+12	10	10	6.00E+12	10	10	-1	0	6.00E+12	10	6.00E+12	10
	1	87	0	0	0	6.00E+12	10	6.00E+12	2.636895622	1.66	6.00E+12	10	10	6.00E+12	10	10	6.00E+12	10	10	-1	0	6.00E+12	10	6.00E+12	10
	1	88	0	0	0	6.00E+12	10	6.00E+12	2.984139532	1.66	6.00E+12	10	10	6.00E+12	10	10	6.00E+12	10	10	-1	0	6.00E+12	10	6.00E+12	10
	1	89	0	0	0	6.00E+12	10	6.00E+12	2.636895622	1.66	6.00E+12	10	10	6.00E+12	10	10	6.00E+12	10	10	-1	0	6.00E+12	10	6.00E+12	10
	1	90	0	0	0	6.00E+12	10	6.00E+12	2.636895622	1.66	6.00E+12	10	10	6.00E+12	10	10	6.00E+12	10	10	-1	0	6.00E+12	10	6.00E+12	10
	1	91	0	0	0	6.00E+12	10	6.00E+12	1.182898214	1.66	6.00E+12	10	10	6.00E+12	10	10	6.00E+12	10	10	-1	0	6.00E+12	10	6.00E+12	10
	1	92	0	0	0	6.00E+12	10	6.00E+12	2.22186306	1.66	6.00E+12	10	10	6.00E+12	10	10	6.00E+12	10	10	-1	0	6.00E+12	10	6.00E+12	10
	1	93	0	0	0	6.00E+12	10	6.00E+12	2.638279064	1.66	6.00E+12	10	10	6.00E+12	10	10	6.00E+12	10	10	-1	0	6.00E+12	10	6.00E+12	10
	1	94	0	0	0	6.00E+12	10	6.00E+12	2.636895622	1.66	6.00E+12	10	10	6.00E+12	10	10	6.00E+12	10	10	-1	0	6.00E+12	10	6.00E+12	10
	1	95	0	0	0	6.00E+12	10	6.00E+12	2.914967438	1.66	6.00E+12	10	10	6.00E+12	10	10	6.00E+12	10	10	-1	0	6.00E+12	10	6.00E+12	10
	1	96	0	0	0	6.00E+12	10	6.00E+12	2.636895622	1.66	6.00E+12	10	10	6.00E+12	10	10	6.00E+12	10	10	-1	0	6.00E+12	10	6.00E+12	10
	1	97	0	0	0	6.00E+12	10	6.00E+12	2.636895622	1.66	6.00E+12	10	10	6.00E+12	10	10	6.00E+12	10	10	-1	0	6.00E+12	10	6.00E+12	10
	1	98	0	0	0	6.00E+12	10	6.00E+12	2.636895622	1.66	6.00E+12	10	10	6.00E+12	10	10	6.00E+12	10	10	-1	0	6.00E+12	10	6.00E+12	10
	1	99	0	0	0	6.00E+12	10	6.00E+12	2.636895622	1.66	6.00E+12	10	10	6.00E+12	10	10	6.00E+12	10	10	-1	0	6.00E+12	10	6.00E+12	10
	1	100	0	0	0	6.00E+12	10	6.00E+12	1.182898214	1.66	6.00E+12	10	10	6.00E+12	10	10	6.00E+12	10	10	-1	0	6.00E+12	10	6.00E+12	10
	1	101	0	0	0	6.00E+12	10	6.00E+12	2.223246502	1.66	6.00E+12	10	10	6.00E+12	10	10	6.00E+12	10	10	-1	0	6.00E+12	10	6.00E+12	10
	1	102	0	0	0	6.00E+12	10	6.00E+12	2.914967438	1.66	6.00E+12	10	10	6.00E+12	10	10	6.00E+12	10	10	-1	0	6.00E+12	10	6.00E+12	10
	1	103	0	0	0	6.00E+12	10	6.00E+12	2.636895622	1.66	6.00E+12	10	10	6.00E+12	10	10	6.00E+12	10	10	-1	0	6.00E+12	10	6.00E+12	10
	1	104	0	0	0	6.00E+12	10	6.00E+12	2.984139532	1.66	6.00E+12	10	10	6.00E+12	10	10	6.00E+12	10	10	-1	0	6.00E+12	10	6.00E+12	10
	1	105	0	0	0	6.00E+12	10	6.00E+12	2.636895622	1.66	6.00E+12	10	10	6.00E+12	10	10	6.00E+12	10	10	-1	0	6.00E+12	10	6.00E+12	10
	1	106	0	0	0	6.00E+12	10	6.00E+12	2.636895622	1.66	6.00E+12	10	10	6.00E+12	10	10	6.00E+12	10	10	-1	0	6.00E+12	10	6.00E+12	10
	1	107	0	0	0	6.00E+12	10	6.00E+12	2.636895622	1.66	6.00E+12	10	10	6.00E+12	10	10	6.00E+12	10	10	-1	0	6.00E+12	10	6.00E+12	10
	1	108	0	0	0	6.00E+12	10	6.00E+12	2.636895622	1.66	6.00E+12	10	10	6.00E+12	10	10	6.00E+12	10	10	-1	0	6.00E+12	10	6.00E+12	10
	1	109	0	0	0	6.00E+12	10	6.00E+12	1.182898214	1.66	6.00E+12	10	10	6.00E+12	10	10	6.00E+12	10	10	-1	0	6.00E+12	10	6.00E+12	10
	1	110	0	0	0	6.00E+12	10	6.00E+12	2.223246502	1.66	6.00E+12	10	10	6.00E+12	10	10	6.00E+12	10	10	-1	0	6.00E+12	10	6.00E+12	10
	1	111	0	0	0	6.00E+12	10	6.00E+12	2.914967438	1.66	6.00E+12	10	10	6.00E+12	10	10	6.00E+12	10	10	-1	0	6.00E+12	10	6.00E+12	10
	1	112	0	0	0	6.00E+12	10	6.00E+12	2.636895622	1.66	6.00E+12	10	10	6.00E+12	10	10	6.00E+12	10	10	-1	0	6.00E+12	10	6.00E+12	10
	1	113	0	0	0	6.00E+12	10	6.00E+12	2.984139532	1.66	6.00E+12	10	10	6.00E+12	10	10	6.00E+12	10	10	-1	0	6.00E+12	10	6.00E+12	10
	1	114	0	0	0	6.00E+12	10	6.00E+12	2.636895622	1.66	6.00E+12	10	10	6.00E+12	10	10	6.00E+12	10	10	-1	0	6.00E+12	10	6.00E+12	10
	1	115	0	0	0	6.00E+12	10	6.00E+12	2.636895622	1.66	6.00E+12	10	10	6.00E+12	10	10	6.00E+12	10	10	-1	0	6.00E+12	10	6.00E+12	10
	1	116	0	0	0	6.00E+12	10	6.00E+12	2.636895622	1.66	6.00E+12	10	10	6.00E+12	10	10	6.00E+12	10	10	-1	0	6.00E+12	10	6.00E+12	10
	1	117	0	0	0	6.00E+12	10	6.00E+12	2.636895622	1.66	6.00E+12	10	10	6.00E+12	10	10	6.00E+12	10	10	-1	0	6.00E+12	10	6.00E+12	10
	1	118	0	0	0	6.00E+12	10	6.00E+12	1.182898215	1.66	6.00E+12	10	10	6.00E+12	10	10	6.00E+12	10	10	-1	0	6.00E+12	10	6.00E+12	10
	1	119	0	0	0	6.00E+12	10	6.00E+12	2.223246502	1.66	6.00E+12	10	10	6.00E+12	10	10	6.00E+12	10	10	-1	0	6.00E+12	10	6.00E+12	10
	1	120	0	0	0	6.00E+12	10	6.00E+12	2.914967438	1.66	6.00E+12	10	10	6.00E+12	10	10	6.00E+12	10	10	-1	0	6.00E+12	10	6.00E+12	10
	1	121	0	0	0	6.00E+12	10	6.00E+12	2.636895622	1.66	6.00E+12	10	10	6.00E+12	10	10	6.00E+12	10	10	-1	0	6.00E+12	10	6.00E+12	10
	1	122	0	0	0	6.00E+12	10	6.00E+12	2.984139532	1.66	6.00E+12	10	10	6.00E+12	10	10	6.00E+12	10	10	-1	0	6.00E+12	10	6.00E+12	10
	1	123	0	0	0	6.00E+12	10	6.00E+12	2.636895622	1.66	6.00E+12	10	10	6.00E+12	10	10	6.00E+12	10	10	-1	0	6.00E+12	10	6.00E+12	10
	1	124	0	0	0	6.00E+12	10	6.00E+12	2.98275609	1.66	6.00E+12	10	10	6.00E+12	10	10	6.00E+12	10	10	-1	0	6.00E+12	10	6.00E+12	10
	1	125	0	0	0	6.00E+12	10	6.00E+12	2.636895622	1.66	6.00E+12	10	10	6.00E+12	10	10	6.00E+12	10	10	-1	0	6.00E+12	10	6.00E+12	10
	1	126	0	0	0	6.00E+12	10	6.00E+12	2.638279064	1.66	6.00E+12	10	10	6.00E+12	10	10	6.00E+12	10	10	-1	0	6.00E+12	10	6.00E+12	10
	1	127	0	0	0	6.00E+12	10	6.00E+12	1.182898214	1.66	6.00E+12	10	10	6.00E+12	10	10	6.00E+12	10	10	-1	0	6.00E+12	10	6.00E+12	10
	1	128	0	0	0	6.00E+12	10	6.00E+12	2.22186306	1.66	6.00E+12	10	10	6.00E+12	10	10	6.00E+12	10	10	-1	0	6.00E+12	10	6.00E+12	10
	1	129	0	0	0	6.00E+12	10	6.00E+12	2.636895622	1.66	6.00E+12	10	10	6.00E+12	10	10	6.00E+12	10	10	-1	0	6.00E+12	10	6.00E+12	10
	1	130	0	0	0	6.00E+12	10	6.00E+12	2.91635088	1.66	6.00E+12	10	10	6.00E+12	10	10	6.00E+12	10	10	-1	0	6.00E+12	10	6.00E+12	10
	1	131	0	0	0	6.00E+12	10	6.00E+12	2.636895622	1.66	6.00E+12	10	10	6.00E+12	10	10	6.00E+12	10	10	-1	0	6.00E+12	10	6.00E+12	10
	1	132	0	0	0	6.00E+12	10	6.00E+12	3.122483719	1.66	6.00E+12	10	10	6.00E+12	10	10	6.00E+12	10	10	-1	0	6.00E+12	10	6.00E+12	10
	1	133	0	0	0	6.00E+12	10	6.00E+12	2.636895622	1.66	6.00E+12	10	10	6.00E+12	10	10	6.00E+12	10	10	-1	0	6.00E+12	10	6.00E+12	10
	1	134	0	0	0	6.00E+12	10	6.00E+12	2.636895622	1.66	6.00E+12	10	10	6.00E+12	10	10	6.00E+12	10	10	-1	0	6.00E+12	10	6.00E+12	10
	1	135	0	0	0	6.00E+12	10	6.00E+12	2.636895622	1.66	6.00E+12	10	10	6.00E+12	10	10	6.00E+12	10	10	-1	0	6.00E+12	10	6.00E+12	10
	1	136	0	0	0	6.00E+12	10	6.00E+12	2.636895622	1.66	6.00E+12	10	10	6.00E+12	10	10	6.00E+12	10	10	-1	0	6.00E+12	10	6.00E+12	10
	1	137	0	0	0	6.00E+12	10	6.00E+12	2.636895622	1.66	6.00E+12	10	10	6.00E+12	10	10	6.00E+12	10	10	-1	0	6.00E+12	10	6.00E+12	10
	1	138	0	0	0	6.00E+12	10	6.00E+12	2.636895622	1.66	6.00E+12	10	10	6.00E+12	10	10	6.00E+12	10	10	-1	0	6.00E+12	10	6.00E+12	10
	1	139	0	0	0	6.00E+12	10	6.00E+12	1.182898214	1.66	6.00E+12	10	10	6.00E+12	10	10	6.00E+12	10	10	-1	0	6.00E+12	10	6.00E+12	10
	1	140	0	0	0	6.00E+12	10	6.00E+12	2.501318319	1.66	6.00E+12	10	10	6.00E+12	10	10	6.00E+12	10	10	-1	0	6.00E+12	10	6.00E+12	10
	1	141	0	0	0	6.00E+12	10	6.00E+12	2.984139532	1.66	6.00E+12	10	10	6.00E+12	10	10	6.00E+12	10	10	-1	0	6.00E+12	10	6.00E+12	10
	1	142	0	0	0	6.00E+12	10	6.00E+12	2.636895622	1.66	6.00E+12	10	10	6.00E+12	10	10	6.00E+12	10	10	-1	0	6.00E+12	10	6.00E+12	10
	1	143	0	0	0	6.00E+12	10	6.00E+12	2.98275609	1.66	6.00E+12	10	10	6.00E+12	10	10	6.00E+12	10	10	-1	0	6.00E+12	10	6.00E+12	10
	1	144	0	0	0	6.00E+12	10	6.00E+12	2.636895622	1.66	6.00E+12	10	10	6.00E+12	10	10	6.00E+12	10	10	-1	0	6.00E+12	10	6.00E+12	10
	1	145	0	0	0	6.00E+12	10	6.00E+12	2.638279064	1.66	6.00E+12	10	10	6.00E+12	10	10	6.00E+12	10	10	-1	0	6.00E+12	10	6.00E+12	10
	1	146	0	0	0	6.00E+12	10	6.00E+12	2.636895622	1.66	6.00E+12	10	10	6.00E+12	10	10	6.00E+12	10	10	-1	0	6.00E+12	10	6.00E+12	10
	1	147	0	0	0	6.00E+12	10	6.00E+12	2.636895622	1.66	6.00E+12	10	10	6.00E+12	10	10	6.00E+12	10	10	-1	0	6.00E+12	10	6.00E+12	10
	1	148	0	0	0	6.00E+12	10	6.00E+12	1.182898214	1.66	6.00E+12	10	10	6.00E+12	10	10	6.00E+12	10	10	-1	0	6.00E+12	10	6.00E+12	10
	1	149	0	0	0	6.00E+12	10	6.00E+12	2.501318319	1.66	6.00E+12	10	10	6.00E+12	10	10	6.00E+12	10	10	-1	0	6.00E+12	10	6.00E+12	10
	1	150	0	0	0	6.00E+12	10	6.00E+12	2.636895622	1.66	6.00E+12	10	10	6.00E+12	10	10	6.00E+12	10	10	-1	0	6.00E+12	10	6.00E+12	10
	1	151	0	0	0	6.00E+12	10	6.00E+12	3.122483719	1.66	6.00E+12	10	10	6.00E+12	10	10	6.00E+12	10	10	-1	0	6.00E+12	10	6.00E+12	10
	1	152	0	0	0	6.00E+12	10	6.00E+12	2.636895622	1.66	6.00E+12	10	10	6.00E+12	10	10	6.00E+12	10	10	-1	0	6.00E+12	10	6.00E+12	10
	1	153	0	0	0	6.00E+12	10	6.00E+12	2.98275609	1.66	6.00E+12	10	10	6.00E+12	10	10	6.00E+12	10	10	-1	0	6.00E+12	10	6.00E+12	10
	1	154	0	0	0	6.00E+12	10	6.00E+12	2.638279064	1.66	6.00E+12	10	10	6.00E+12	10	10	6.00E+12	10	10	-1	0	6.00E+12	10	6.00E+12	10
	1	155	0	0	0	6.00E+12	10	6.00E+12	2.98275609	1.66	6.00E+12	10	10	6.00E+12	10	10	6.00E+12	10	10	-1	0	6.00E+12	10	6.00E+12	10
	1	156	0	0	0	6.00E+12	10	6.00E+12	2.636895622	1.66	6.00E+12	10	10	6.00E+12	10	10	6.00E+12	10	10	-1	0	6.00E+12	10	6.00E+12	10
	1	157	0	0	0	6.00E+12	10	6.00E+12	2.636895622	1.66	6.00E+12	10	10	6.00E+12	10	10	6.00E+12	10	10	-1	0	6.00E+12	10	6.00E+12	10
	1	158	0	0	0	6.00E+12	10	6.00E+12	2.636895622	1.66	6.00E+12	10	10	6.00E+12	10	10	6.00E+12	10	10	-1	0	6.00E+12	10	6.00E+12	10
	1	159	0	0	0	6.00E+12	10	6.00E+12	2.636895622	1.66	6.00E+12	10	10	6.00E+12	10	10	6.00E+12	10	10	-1	0	6.00E+12	10	6.00E+12	10
	1	160	0	0	0	6.00E+12	10	6.00E+12	1.182898214	1.66	6.00E+12	10	10	6.00E+12	10	10	6.00E+12	10	10	-1	0	6.00E+12	10	6.00E+12	10
	1	161	0	0	0	6.00E+12	10	6.00E+12	2.501318319	1.66	6.00E+12	10	10	6.00E+12	10	10	6.00E+12	10	10	-1	0	6.00E+12	10	6.00E+12	10
	1	162	0	0	0	6.00E+12	10	6.00E+12	2.844411903	1.66	6.00E+12	10	10	6.00E+12	10	10	6.00E+12	10	10	-1	0	6.00E+12	10	6.00E+12	10
	1	163	0	0	0	6.00E+12	10	6.00E+12	2.91635088	1.66	6.00E+12	10	10	6.00E+12	10	10	6.00E+12	10	10	-1	0	6.00E+12	10	6.00E+12	10
	1	164	0	0	0	6.00E+12	10	6.00E+12	2.843028461	1.66	6.00E+12	10	10	6.00E+12	10	10	6.00E+12	10	10	-1	0	6.00E+12	10	6.00E+12	10
	1	165	0	0	0	6.00E+12	10	6.00E+12	2.91635088	1.66	6.00E+12	10	10	6.00E+12	10	10	6.00E+12	10	10	-1	0	6.00E+12	10	6.00E+12	10
	1	166	0	0	0	6.00E+12	10	6.00E+12	2.844411903	1.66	6.00E+12	10	10	6.00E+12	10	10	6.00E+12	10	10	-1	0	6.00E+12	10	6.00E+12	10
	1	167	0	0	0	6.00E+12	10	6.00E+12	2.775239809	1.66	6.00E+12	10	10	6.00E+12	10	10	6.00E+12	10	10	-1	0	6.00E+12	10	6.00E+12	10
	1	168	0	0	0	6.00E+12	10	6.00E+12	2.984139532	1.66	6.00E+12	10	10	6.00E+12	10	10	6.00E+12	10	10	-1	0	6.00E+12	10	6.00E+12	10
	1	169	0	0	0	6.00E+12	10	6.00E+12	3.33	1.66	6.00E+12	10	10	6.00E+12	10	10	6.00E+12	10	10	-1	0	6.00E+12	10	6.00E+12	10
	1	170	0	0	0	6.00E+12	10	6.00E+12	2.636895622	1.66	6.00E+12	10	10	6.00E+12	10	10	6.00E+12	10	10	-1	0	6.00E+12	10	6.00E+12	10
	1	171	0	0	0	6.00E+12	10	6.00E+12	2.636895622	1.66	6.00E+12	10	10	6.00E+12	10	10	6.00E+12	10	10	-1	0	6.00E+12	10	6.00E+12	10
	1	172	0	0	0	6.00E+12	10	6.00E+12	2.636895622	1.66	6.00E+12	10	10	6.00E+12	10	10	6.00E+12	10	10	-1	0	6.00E+12	10	6.00E+12	10
	1	173	0	0	0	6.00E+12	10	6.00E+12	2.636895622	1.66	6.00E+12	10	10	6.00E+12	10	10	6.00E+12	10	10	-1	0	6.00E+12	10	6.00E+12	10
	1	174	0	0	0	6.00E+12	10	6.00E+12	2.636895622	1.66	6.00E+12	10	10	6.00E+12	10	10	6.00E+12	10	10	-1	0	6.00E+12	10	6.00E+12	10
	1	175	0	0	0	6.00E+12	10	6.00E+12	2.636895622	1.66	6.00E+12	10	10	6.00E+12	10	10	6.00E+12	10	10	-1	0	6.00E+12	10	6.00E+12	10
	1	176	0	0	0	6.00E+12	10	6.00E+12	1.184281656	1.66	6.00E+12	10	10	6.00E+12	10	10	6.00E+12	10	10	-1	0	6.00E+12	10	6.00E+12	10
	1	177	0	0	0	6.00E+12	10	6.00E+12	2.499934877	1.66	6.00E+12	10	10	6.00E+12	10	10	6.00E+12	10	10	-1	0	6.00E+12	10	6.00E+12	10
	1	178	0	0	0	6.00E+12	10	6.00E+12	2.984139532	1.66	6.00E+12	10	10	6.00E+12	10	10	6.00E+12	10	10	-1	0	6.00E+12	10	6.00E+12	10
	1	179	0	0	0	6.00E+12	10	6.00E+12	2.636895622	1.66	6.00E+12	10	10	6.00E+12	10	10	6.00E+12	10	10	-1	0	6.00E+12	10	6.00E+12	10
	1	180	0	0	0	6.00E+12	10	6.00E+12	2.984139532	1.66	6.00E+12	10	10	6.00E+12	10	10	6.00E+12	10	10	-1	0	6.00E+12	10	6.00E+12	10
	1	181	0	0	0	6.00E+12	10	6.00E+12	2.636895622	1.66	6.00E+12	10	10	6.00E+12	10	10	6.00E+12	10	10	-1	0	6.00E+12	10	6.00E+12	10
	1	182	0	0	0	6.00E+12	10	6.00E+12	2.636895622	1.66	6.00E+12	10	10	6.00E+12	10	10	6.00E+12	10	10	-1	0	6.00E+12	10	6.00E+12	10
	1	183	0	0	0	6.00E+12	10	6.00E+12	2.636895622	1.66	6.00E+12	10	10	6.00E+12	10	10	6.00E+12	10	10	-1	0	6.00E+12	10	6.00E+12	10
	1	184	0	0	0	6.00E+12	10	6.00E+12	2.636895622	1.66	6.00E+12	10	10	6.00E+12	10	10	6.00E+12	10	10	-1	0	6.00E+12	10	6.00E+12	10
	1	185	0	0	0	6.00E+12	10	6.00E+12	1.182898214	1.66	6.00E+12	10	10	6.00E+12	10	10	6.00E+12	10	10	-1	0	6.00E+12	10	6.00E+12	10
	1	186	0	0	0	6.00E+12	10	6.00E+12	2.501318319	1.66	6.00E+12	10	10	6.00E+12	10	10	6.00E+12	10	10	-1	0	6.00E+12	10	6.00E+12	10
	1	187	0	0	0	6.00E+12	10	6.00E+12	2.636895622	1.66	6.00E+12	10	10	6.00E+12	10	10	6.00E+12	10	10	-1	0	6.00E+12	10	6.00E+12	10
	1	188	0	0	0	6.00E+12	10	6.00E+12	3.122483719	1.66	6.00E+12	10	10	6.00E+12	10	10	6.00E+12	10	10	-1	0	6.00E+12	10	6.00E+12	10
	1	189	0	0	0	6.00E+12	10	6.00E+12	2.636895622	1.66	6.00E+12	10	10	6.00E+12	10	10	6.00E+12	10	10	-1	0	6.00E+12	10	6.00E+12	10
	1	190	0	0	0	6.00E+12	10	6.00E+12	2.984139532	1.66	6.00E+12	10	10	6.00E+12	10	10	6.00E+12	10	10	-1	0	6.00E+12	10	6.00E+12	10
	1	191	0	0	0	6.00E+12	10	6.00E+12	2.636895622	1.66	6.00E+12	10	10	6.00E+12	10	10	6.00E+12	10	10	-1	0	6.00E+12	10	6.00E+12	10
	1	192	0	0	0	6.00E+12	10	6.00E+12	2.98275609	1.66	6.00E+12	10	10	6.00E+12	10	10	6.00E+12	10	10	-1	0	6.00E+12	10	6.00E+12	10
	1	193	0	0	0	6.00E+12	10	6.00E+12	2.636895622	1.66	6.00E+12	10	10	6.00E+12	10	10	6.00E+12	10	10	-1	0	6.00E+12	10	6.00E+12	10
	1	194	0	0	0	6.00E+12	10	6.00E+12	2.636895622	1.66	6.00E+12	10	10	6.00E+12	10	10	6.00E+12	10	10	-1	0	6.00E+12	10	6.00E+12	10
	1	195	0	0	0	6.00E+12	10	6.00E+12	2.636895622	1.66	6.00E+12	10	10	6.00E+12	10	10	6.00E+12	10	10	-1	0	6.00E+12	10	6.00E+12	10
	1	196	0	0	0	6.00E+12	10	6.00E+12	2.638279064	1.66	6.00E+12	10	10	6.00E+12	10	10	6.00E+12	10	10	-1	0	6.00E+12	10	6.00E+12	10
	1	197	0	0	0	6.00E+12	10	6.00E+12	1.182898214	1.66	6.00E+12	10	10	6.00E+12	10	10	6.00E+12	10	10	-1	0	6.00E+12	10	6.00E+12	10
	1	198	0	0	0	6.00E+12	10	6.00E+12	2.639662506	1.66	6.00E+12	10	10	6.00E+12	10	10	6.00E+12	10	10	-1	0	6.00E+12	10	6.00E+12	10
	1	199	0	0	0	6.00E+12	10	6.00E+12	2.704684274	1.66	6.00E+12	10	10	6.00E+12	10	10	6.00E+12	10	10	-1	0	6.00E+12	10	6.00E+12	10
	1	200	0	0	0	6.00E+12	10	6.00E+12	2.91635088	1.66	6.00E+12	10	10	6.00E+12	10	10	6.00E+12	10	10	-1	0	6.00E+12	10	6.00E+12	10
	1	201	0	0	0	6.00E+12	10	6.00E+12	2.844411903	1.66	6.00E+12	10	10	6.00E+12	10	10	6.00E+12	10	10	-1	0	6.00E+12	10	6.00E+12	10
	1	202	0	0	0	6.00E+12	10	6.00E+12	2.914967438	1.66	6.00E+12	10	10	6.00E+12	10	10	6.00E+12	10	10	-1	0	6.00E+12	10	6.00E+12	10
	1	203	0	0	0	6.00E+12	10	6.00E+12	2.844411903	1.66	6.00E+12	10	10	6.00E+12	10	10	6.00E+12	10	10	-1	0	6.00E+12	10	6.00E+12	10
	1	204	0	0	0	6.00E+12	10	6.00E+12	2.776623251	1.66	6.00E+12	10	10	6.00E+12	10	10	6.00E+12	10	10	-1	0	6.00E+12	10	6.00E+12	10
	1	205	0	0	0	6.00E+12	10	6.00E+12	2.98275609	1.66	6.00E+12	10	10	6.00E+12	10	10	6.00E+12	10	10	-1	0	6.00E+12	10	6.00E+12	10
	1	206	0	0	0	6.00E+12	10	6.00E+12	3.33	1.66	6.00E+12	10	10	6.00E+12	10	10	6.00E+12	10	10	-1	0	6.00E+12	10	6.00E+12	10
	1	207	0	0	0	6.00E+12	10	6.00E+12	2.636895622	1.66	6.00E+12	10	10	6.00E+12	10	10	6.00E+12	10	10	-1	0	6.00E+12	10	6.00E+12	10
	1	208	0	0	0	6.00E+12	10	6.00E+12	2.636895622	1.66	6.00E+12	10	10	6.00E+12	10	10	6.00E+12	10	10	-1	0	6.00E+12	10	6.00E+12	10
	1	209	0	0	0	6.00E+12	10	6.00E+12	2.636895622	1.66	6.00E+12	10	10	6.00E+12	10	10	6.00E+12	10	10	-1	0	6.00E+12	10	6.00E+12	10
	1	210	0	0	0	6.00E+12	10	6.00E+12	2.636895622	1.66	6.00E+12	10	10	6.00E+12	10	10	6.00E+12	10	10	-1	0	6.00E+12	10	6.00E+12	10
	1	211	0	0	0	6.00E+12	10	6.00E+12	2.638279064	1.66	6.00E+12	10	10	6.00E+12	10	10	6.00E+12	10	10	-1	0	6.00E+12	10	6.00E+12	10
	1	212	0	0	0	6.00E+12	10	6.00E+12	2.636895622	1.66	6.00E+12	10	10	6.00E+12	10	10	6.00E+12	10	10	-1	0	6.00E+12	10	6.00E+12	10
	1	213	0	0	0	6.00E+12	10	6.00E+12	1.182898214	1.66	6.00E+12	10	10	6.00E+12	10	10	6.00E+12	10	10	-1	0	6.00E+12	10	6.00E+12	10
	1	214	0	0	0	6.00E+12	10	6.00E+12	2.986906416	1.66	6.00E+12	10	10	6.00E+12	10	10	6.00E+12	10	10	-1	0	6.00E+12	10	6.00E+12	10
	1	215	0	0	0	6.00E+12	10	6.00E+12	2.636895622	1.66	6.00E+12	10	10	6.00E+12	10	10	6.00E+12	10	10	-1	0	6.00E+12	10	6.00E+12	10
	1	216	0	0	0	6.00E+12	10	6.00E+12	2.98275609	1.66	6.00E+12	10	10	6.00E+12	10	10	6.00E+12	10	10	-1	0	6.00E+12	10	6.00E+12	10
	1	217	0	0	0	6.00E+12	10	6.00E+12	2.636895622	1.66	6.00E+12	10	10	6.00E+12	10	10	6.00E+12	10	10	-1	0	6.00E+12	10	6.00E+12	10
	1	218	0	0	0	6.00E+12	10	6.00E+12	2.984139532	1.66	6.00E+12	10	10	6.00E+12	10	10	6.00E+12	10	10	-1	0	6.00E+12	10	6.00E+12	10
	1	219	0	0	0	6.00E+12	10	6.00E+12	2.636895622	1.66	6.00E+12	10	10	6.00E+12	10	10	6.00E+12	10	10	-1	0	6.00E+12	10	6.00E+12	10
	1	220	0	0	0	6.00E+12	10	6.00E+12	2.984139532	1.66	6.00E+12	10	10	6.00E+12	10	10	6.00E+12	10	10	-1	0	6.00E+12	10	6.00E+12	10
	1	221	0	0	0	6.00E+12	10	6.00E+12	2.636895622	1.66	6.00E+12	10	10	6.00E+12	10	10	6.00E+12	10	10	-1	0	6.00E+12	10	6.00E+12	10
	1	222	0	0	0	6.00E+12	10	6.00E+12	2.98275609	1.66	6.00E+12	10	10	6.00E+12	10	10	6.00E+12	10	10	-1	0	6.00E+12	10	6.00E+12	10
	1	223	0	0	0	6.00E+12	10	6.00E+12	2.636895622	1.66	6.00E+12	10	10	6.00E+12	10	10	6.00E+12	10	10	-1	0	6.00E+12	10	6.00E+12	10
	1	224	0	0	0	6.00E+12	10	6.00E+12	2.636895622	1.66	6.00E+12	10	10	6.00E+12	10	10	6.00E+12	10	10	-1	0	6.00E+12	10	6.00E+12	10
	1	225	0	0	0	6.00E+12	10	6.00E+12	1.182898214	1.66	6.00E+12	10	10	6.00E+12	10	10	6.00E+12	10	10	-1	0	6.00E+12	10	6.00E+12	10
	1	226	0	0	0	6.00E+12	10	6.00E+12	2.293802038	1.66	6.00E+12	10	10	6.00E+12	10	10	6.00E+12	10	10	-1	0	6.00E+12	10	6.00E+12	10
	1	227	0	0	0	6.00E+12	10	6.00E+12	2.844411903	1.66	6.00E+12	10	10	6.00E+12	10	10	6.00E+12	10	10	-1	0	6.00E+12	10	6.00E+12	10
	1	228	0	0	0	6.00E+12	10	6.00E+12	2.91635088	1.66	6.00E+12	10	10	6.00E+12	10	10	6.00E+12	10	10	-1	0	6.00E+12	10	6.00E+12	10
	1	229	0	0	0	6.00E+12	10	6.00E+12	2.844411903	1.66	6.00E+12	10	10	6.00E+12	10	10	6.00E+12	10	10	-1	0	6.00E+12	10	6.00E+12	10
	1	230	0	0	0	6.00E+12	10	6.00E+12	2.775239809	1.66	6.00E+12	10	10	6.00E+12	10	10	6.00E+12	10	10	-1	0	6.00E+12	10	6.00E+12	10
	1	231	0	0	0	6.00E+12	10	6.00E+12	2.984139532	1.66	6.00E+12	10	10	6.00E+12	10	10	6.00E+12	10	10	-1	0	6.00E+12	10	6.00E+12	10
	1	232	0	0	0	6.00E+12	10	6.00E+12	3.33	1.66	6.00E+12	10	10	6.00E+12	10	10	6.00E+12	10	10	-1	0	6.00E+12	10	6.00E+12	10
	1	233	0	0	0	6.00E+12	10	6.00E+12	2.636895622	1.66	6.00E+12	10	10	6.00E+12	10	10	6.00E+12	10	10	-1	0	6.00E+12	10	6.00E+12	10
	1	234	0	0	0	6.00E+12	10	6.00E+12	2.98275609	1.66	6.00E+12	10	10	6.00E+12	10	10	6.00E+12	10	10	-1	0	6.00E+12	10	6.00E+12	10
	1	235	0	0	0	6.00E+12	10	6.00E+12	2.638279064	1.66	6.00E+12	10	10	6.00E+12	10	10	6.00E+12	10	10	-1	0	6.00E+12	10	6.00E+12	10
	1	236	0	0	0	6.00E+12	10	6.00E+12	2.98275609	1.66	6.00E+12	10	10	6.00E+12	10	10	6.00E+12	10	10	-1	0	6.00E+12	10	6.00E+12	10
	1	237	0	0	0	6.00E+12	10	6.00E+12	2.636895622	1.66	6.00E+12	10	10	6.00E+12	10	10	6.00E+12	10	10	-1	0	6.00E+12	10	6.00E+12	10
	1	238	0	0	0	6.00E+12	10	6.00E+12	2.636895622	1.66	6.00E+12	10	10	6.00E+12	10	10	6.00E+12	10	10	-1	0	6.00E+12	10	6.00E+12	10
	1	239	0	0	0	6.00E+12	10	6.00E+12	2.636895622	1.66	6.00E+12	10	10	6.00E+12	10	10	6.00E+12	10	10	-1	0	6.00E+12	10	6.00E+12	10
	1	240	0	0	0	6.00E+12	10	6.00E+12	2.636895622	1.66	6.00E+12	10	10	6.00E+12	10	10	6.00E+12	10	10	-1	0	6.00E+12	10	6.00E+12	10
	1	241	0	0	0	6.00E+12	10	6.00E+12	1.182898214	1.66	6.00E+12	10	10	6.00E+12	10	10	6.00E+12	10	10	-1	0	6.00E+12	10	6.00E+12	10
	1	242	0	0	0	6.00E+12	10	6.00E+12	2.641045948	1.66	6.00E+12	10	10	6.00E+12	10	10	6.00E+12	10	10	-1	0	6.00E+12	10	6.00E+12	10
	1	243	0	0	0	6.00E+12	10	6.00E+12	2.844411903	1.66	6.00E+12	10	10	6.00E+12	10	10	6.00E+12	10	10	-1	0	6.00E+12	10	6.00E+12	10
	1	244	0	0	0	6.00E+12	10	6.00E+12	2.914967438	1.66	6.00E+12	10	10	6.00E+12	10	10	6.00E+12	10	10	-1	0	6.00E+12	10	6.00E+12	10
	1	245	0	0	0	6.00E+12	10	6.00E+12	2.844411903	1.66	6.00E+12	10	10	6.00E+12	10	10	6.00E+12	10	10	-1	0	6.00E+12	10	6.00E+12	10
	1	246	0	0	0	6.00E+12	10	6.00E+12	2.776623251	1.66	6.00E+12	10	10	6.00E+12	10	10	6.00E+12	10	10	-1	0	6.00E+12	10	6.00E+12	10
	1	247	0	0	0	6.00E+12	10	6.00E+12	2.98275609	1.66	6.00E+12	10	10	6.00E+12	10	10	6.00E+12	10	10	-1	0	6.00E+12	10	6.00E+12	10
	1	248	0	0	0	6.00E+12	10	6.00E+12	3.33	1.66	6.00E+12	10	10	6.00E+12	10	10	6.00E+12	10	10	-1	0	6.00E+12	10	6.00E+12	10
	1	249	0	0	0	6.00E+12	10	6.00E+12	2.636895622	1.66	6.00E+12	10	10	6.00E+12	10	10	6.00E+12	10	10	-1	0	6.00E+12	10	6.00E+12	10
	1	250	0	0	0	6.00E+12	10	6.00E+12	2.984139532	1.66	6.00E+12	10	10	6.00E+12	10	10	6.00E+12	10	10	-1	0	6.00E+12	10	6.00E+12	10
	1	251	0	0	0	6.00E+12	10	6.00E+12	2.636895622	1.66	6.00E+12	10	10	6.00E+12	10	10	6.00E+12	10	10	-1	0	6.00E+12	10	6.00E+12	10
	1	252	0	0	0	6.00E+12	10	6.00E+12	2.984139532	1.66	6.00E+12	10	10	6.00E+12	10	10	6.00E+12	10	10	-1	0	6.00E+12	10	6.00E+12	10
	1	253	0	0	0	6.00E+12	10	6.00E+12	2.636895622	1.66	6.00E+12	10	10	6.00E+12	10	10	6.00E+12	10	10	-1	0	6.00E+12	10	6.00E+12	10
	1	254	0	0	0	6.00E+12	10	6.00E+12	2.636895622	1.66	6.00E+12	10	10	6.00E+12	10	10	6.00E+12	10	10	-1	0	6.00E+12	10	6.00E+12	10
	1	255	0	0	0	6.00E+12	10	6.00E+12	2.636895622	1.66	6.00E+12	10	10	6.00E+12	10	10	6.00E+12	10	10	-1	0	6.00E+12	10	6.00E+12	10
	1	256	0	0	0	6.00E+12	10	6.00E+12	2.636895622	1.66	6.00E+12	10	10	6.00E+12	10	10	6.00E+12	10	10	-1	0	6.00E+12	10	6.00E+12	10
	1	257	0	0	0	6.00E+12	10	6.00E+12	1.182898214	1.66	6.00E+12	10	10	6.00E+12	10	10	6.00E+12	10	10	-1	0	6.00E+12	10	6.00E+12	10
	1	258	0	0	0	6.00E+12	10	6.00E+12	2.639662506	1.66	6.00E+12	10	10	6.00E+12	10	10	6.00E+12	10	10	-1	0	6.00E+12	10	6.00E+12	10
	1	259	0	0	0	6.00E+12	10	6.00E+12	2.844411903	1.66	6.00E+12	10	10	6.00E+12	10	10	6.00E+12	10	10	-1	0	6.00E+12	10	6.00E+12	10
	1	260	0	0	0	6.00E+12	10	6.00E+12	2.91635088	1.66	6.00E+12	10	10	6.00E+12	10	10	6.00E+12	10	10	-1	0	6.00E+12	10	6.00E+12	10
	1	261	0	0	0	6.00E+12	10	6.00E+12	2.844411903	1.66	6.00E+12	10	10	6.00E+12	10	10	6.00E+12	10	10	-1	0	6.00E+12	10	6.00E+12	10
	1	262	0	0	0	6.00E+12	10	6.00E+12	2.775239809	1.66	6.00E+12	10	10	6.00E+12	10	10	6.00E+12	10	10	-1	0	6.00E+12	10	6.00E+12	10
	1	263	0	0	0	6.00E+12	10	6.00E+12	2.984139532	1.66	6.00E+12	10	10	6.00E+12	10	10	6.00E+12	10	10	-1	0	6.00E+12	10	6.00E+12	10
	1	264	0	0	0	6.00E+12	10	6.00E+12	3.33	1.66	6.00E+12	10	10	6.00E+12	10	10	6.00E+12	10	10	-1	0	6.00E+12	10	6.00E+12	10
	1	265	0	0	0	6.00E+12	10	6.00E+12	2.636895622	1.66	6.00E+12	10	10	6.00E+12	10	10	6.00E+12	10	10	-1	0	6.00E+12	10	6.00E+12	10
	1	266	0	0	0	6.00E+12	10	6.00E+12	2.984139532	1.66	6.00E+12	10	10	6.00E+12	10	10	6.00E+12	10	10	-1	0	6.00E+12	10	6.00E+12	10
	1	267	0	0	0	6.00E+12	10	6.00E+12	2.636895622	1.66	6.00E+12	10	10	6.00E+12	10	10	6.00E+12	10	10	-1	0	6.00E+12	10	6.00E+12	10
	1	268	0	0	0	6.00E+12	10	6.00E+12	2.98275609	1.66	6.00E+12	10	10	6.00E+12	10	10	6.00E+12	10	10	-1	0	6.00E+12	10	6.00E+12	10
	1	269	0	0	0	6.00E+12	10	6.00E+12	2.636895622	1.66	6.00E+12	10	10	6.00E+12	10	10	6.00E+12	10	10	-1	0	6.00E+12	10	6.00E+12	10
	1	270	0	0	0	6.00E+12	10	6.00E+12	2.636895622	1.66	6.00E+12	10	10	6.00E+12	10	10	6.00E+12	10	10	-1	0	6.00E+12	10	6.00E+12	10
	1	271	0	0	0	6.00E+12	10	6.00E+12	2.636895622	1.66	6.00E+12	10	10	6.00E+12	10	10	6.00E+12	10	10	-1	0	6.00E+12	10	6.00E+12	10
	1	272	0	0	0	6.00E+12	10	6.00E+12	2.636895622	1.66	6.00E+12	10	10	6.00E+12	10	10	6.00E+12	10	10	-1	0	6.00E+12	10	6.00E+12	10
	1	273	0	0	0	6.00E+12	10	6.00E+12	1.184281656	1.66	6.00E+12	10	10	6.00E+12	10	10	6.00E+12	10	10	-1	0	6.00E+12	10	6.00E+12	10
	1	274	0	0	0	6.00E+12	10	6.00E+12	2.779390135	1.66	6.00E+12	10	10	6.00E+12	10	10	6.00E+12	10	10	-1	0	6.00E+12	10	6.00E+12	10
	1	275	0	0	0	6.00E+12	10	6.00E+12	2.844411903	1.66	6.00E+12	10	10	6.00E+12	10	10	6.00E+12	10	10	-1	0	6.00E+12	10	6.00E+12	10
	1	276	0	0	0	6.00E+12	10	6.00E+12	2.775239809	1.66	6.00E+12	10	10	6.00E+12	10	10	6.00E+12	10	10	-1	0	6.00E+12	10	6.00E+12	10
	1	277	0	0	0	6.00E+12	10	6.00E+12	2.984139532	1.66	6.00E+12	10	10	6.00E+12	10	10	6.00E+12	10	10	-1	0	6.00E+12	10	6.00E+12	10
	1	278	0	0	0	6.00E+12	10	6.00E+12	3.33	1.66	6.00E+12	10	10	6.00E+12	10	10	6.00E+12	10	10	-1	0	6.00E+12	10	6.00E+12	10
	1	279	0	0	0	6.00E+12	10	6.00E+12	2.636895622	1.66	6.00E+12	10	10	6.00E+12	10	10	6.00E+12	10	10	-1	0	6.00E+12	10	6.00E+12	10
	1	280	0	0	0	6.00E+12	10	6.00E+12	2.98275609	1.66	6.00E+12	10	10	6.00E+12	10	10	6.00E+12	10	10	-1	0	6.00E+12	10	6.00E+12	10
	1	281	0	0	0	6.00E+12	10	6.00E+12	2.638279064	1.66	6.00E+12	10	10	6.00E+12	10	10	6.00E+12	10	10	-1	0	6.00E+12	10	6.00E+12	10
	1	282	0	0	0	6.00E+12	10	6.00E+12	2.98275609	1.66	6.00E+12	10	10	6.00E+12	10	10	6.00E+12	10	10	-1	0	6.00E+12	10	6.00E+12	10
	1	283	0	0	0	6.00E+12	10	6.00E+12	2.636895622	1.66	6.00E+12	10	10	6.00E+12	10	10	6.00E+12	10	10	-1	0	6.00E+12	10	6.00E+12	10
	1	284	0	0	0	6.00E+12	10	6.00E+12	2.984139532	1.66	6.00E+12	10	10	6.00E+12	10	10	6.00E+12	10	10	-1	0	6.00E+12	10	6.00E+12	10
	1	285	0	0	0	6.00E+12	10	6.00E+12	2.636895622	1.66	6.00E+12	10	10	6.00E+12	10	10	6.00E+12	10	10	-1	0	6.00E+12	10	6.00E+12	10
	1	286	0	0	0	6.00E+12	10	6.00E+12	2.98275609	1.66	6.00E+12	10	10	6.00E+12	10	10	6.00E+12	10	10	-1	0	6.00E+12	10	6.00E+12	10
	1	287	0	0	0	6.00E+12	10	6.00E+12	2.636895622	1.66	6.00E+12	10	10	6.00E+12	10	10	6.00E+12	10	10	-1	0	6.00E+12	10	6.00E+12	10
	1	288	0	0	0	6.00E+12	10	6.00E+12	2.636895622	1.66	6.00E+12	10	10	6.00E+12	10	10	6.00E+12	10	10	-1	0	6.00E+12	10	6.00E+12	10
	1	289	0	0	0	6.00E+12	10	6.00E+12	1.184281656	1.66	6.00E+12	10	10	6.00E+12	10	10	6.00E+12	10	10	-1	0	6.00E+12	10	6.00E+12	10
	1	290	0	0	0	6.00E+12	10	6.00E+12	2.432146225	1.66	6.00E+12	10	10	6.00E+12	10	10	6.00E+12	10	10	-1	0	6.00E+12	10	6.00E+12	10
	1	291	0	0	0	6.00E+12	10	6.00E+12	2.844411903	1.66	6.00E+12	10	10	6.00E+12	10	10	6.00E+12	10	10	-1	0	6.00E+12	10	6.00E+12	10
	1	292	0	0	0	6.00E+12	10	6.00E+12	2.776623251	1.66	6.00E+12	10	10	6.00E+12	10	10	6.00E+12	10	10	-1	0	6.00E+12	10	6.00E+12	10
	1	293	0	0	0	6.00E+12	10	6.00E+12	2.98275609	1.66	6.00E+12	10	10	6.00E+12	10	10	6.00E+12	10	10	-1	0	6.00E+12	10	6.00E+12	10
	1	294	0	0	0	6.00E+12	10	6.00E+12	3.33	1.66	6.00E+12	10	10	6.00E+12	10	10	6.00E+12	10	10	-1	0	6.00E+12	10	6.00E+12	10
	1	295	0	0	0	6.00E+12	10	6.00E+12	2.636895622	1.66	6.00E+12	10	10	6.00E+12	10	10	6.00E+12	10	10	-1	0	6.00E+12	10	6.00E+12	10
	1	296	0	0	0	6.00E+12	10	6.00E+12	2.984139532	1.66	6.00E+12	10	10	6.00E+12	10	10	6.00E+12	10	10	-1	0	6.00E+12	10	6.00E+12	10
	1	297	0	0	0	6.00E+12	10	6.00E+12	2.636895622	1.66	6.00E+12	10	10	6.00E+12	10	10	6.00E+12	10	10	-1	0	6.00E+12	10	6.00E+12	10
	1	298	0	0	0	6.00E+12	10	6.00E+12	3.122483719	1.66	6.00E+12	10	10	6.00E+12	10	10	6.00E+12	10	10	-1	0	6.00E+12	10	6.00E+12	10
	1	299	0	0	0	6.00E+12	10	6.00E+12	2.844411903	1.66	6.00E+12	10	10	6.00E+12	10	10	6.00E+12	10	10	-1	0	6.00E+12	10	6.00E+12	10
	1	300	0	0	0	6.00E+12	10	6.00E+12	2.776623251	1.66	6.00E+12	10	10	6.00E+12	10	10	6.00E+12	10	10	-1	0	6.00E+12	10	6.00E+12	10
	1	301	0	0	0	6.00E+12	10	6.00E+12	2.98275609	1.66	6.00E+12	10	10	6.00E+12	10	10	6.00E+12	10	10	-1	0	6.00E+12	10	6.00E+12	10
	1	302	0	0	0	6.00E+12	10	6.00E+12	3.33	1.66	6.00E+12	10	10	6.00E+12	10	10	6.00E+12	10	10	-1	0	6.00E+12	10	6.00E+12	10
	1	303	0	0	0	6.00E+12	10	6.00E+12	2.638279064	1.66	6.00E+12	10	10	6.00E+12	10	10	6.00E+12	10	10	-1	0	6.00E+12	10	6.00E+12	10
	1	304	0	0	0	6.00E+12	10	6.00E+12	2.636895622	1.66	6.00E+12	10	10	6.00E+12	10	10	6.00E+12	10	10	-1	0	6.00E+12	10	6.00E+12	10
	1	305	0	0	0	6.00E+12	10	6.00E+12	2.636895622	1.66	6.00E+12	10	10	6.00E+12	10	10	6.00E+12	10	10	-1	0	6.00E+12	10	6.00E+12	10
	1	306	0	0	0	6.00E+12	10	6.00E+12	2.636895622	1.66	6.00E+12	10	10	6.00E+12	10	10	6.00E+12	10	10	-1	0	6.00E+12	10	6.00E+12	10
	1	307	0	0	0	6.00E+12	10	6.00E+12	2.636895622	1.66	6.00E+12	10	10	6.00E+12	10	10	6.00E+12	10	10	-1	0	6.00E+12	10	6.00E+12	10
	1	308	0	0	0	6.00E+12	10	6.00E+12	2.636895622	1.66	6.00E+12	10	10	6.00E+12	10	10	6.00E+12	10	10	-1	0	6.00E+12	10	6.00E+12	10
	1	309	0	0	0	6.00E+12	10	6.00E+12	1.185665098	1.66	6.00E+12	10	10	6.00E+12	10	10	6.00E+12	10	10	-1	0	6.00E+12	10	6.00E+12	10
	1	310	0	0	0	6.00E+12	10	6.00E+12	2.984139532	1.66	6.00E+12	10	10	6.00E+12	10	10	6.00E+12	10	10	-1	0	6.00E+12	10	6.00E+12	10
	1	311	0	0	0	6.00E+12	10	6.00E+12	2.844411903	1.66	6.00E+12	10	10	6.00E+12	10	10	6.00E+12	10	10	-1	0	6.00E+12	10	6.00E+12	10
	1	312	0	0	0	6.00E+12	10	6.00E+12	2.914967438	1.66	6.00E+12	10	10	6.00E+12	10	10	6.00E+12	10	10	-1	0	6.00E+12	10	6.00E+12	10
	1	313	0	0	0	6.00E+12	10	6.00E+12	2.844411903	1.66	6.00E+12	10	10	6.00E+12	10	10	6.00E+12	10	10	-1	0	6.00E+12	10	6.00E+12	10
	1	314	0	0	0	6.00E+12	10	6.00E+12	2.776623251	1.66	6.00E+12	10	10	6.00E+12	10	10	6.00E+12	10	10	-1	0	6.00E+12	10	6.00E+12	10
	1	315	0	0	0	6.00E+12	10	6.00E+12	2.98275609	1.66	6.00E+12	10	10	6.00E+12	10	10	6.00E+12	10	10	-1	0	6.00E+12	10	6.00E+12	10
	1	316	0	0	0	6.00E+12	10	6.00E+12	3.33	1.66	6.00E+12	10	10	6.00E+12	10	10	6.00E+12	10	10	-1	0	6.00E+12	10	6.00E+12	10
	1	317	0	0	0	6.00E+12	10	6.00E+12	2.636895622	1.66	6.00E+12	10	10	6.00E+12	10	10	6.00E+12	10	10	-1	0	6.00E+12	10	6.00E+12	10
	1	318	0	0	0	6.00E+12	10	6.00E+12	2.984139532	1.66	6.00E+12	10	10	6.00E+12	10	10	6.00E+12	10	10	-1	0	6.00E+12	10	6.00E+12	10
	1	319	0	0	0	6.00E+12	10	6.00E+12	2.636895622	1.66	6.00E+12	10	10	6.00E+12	10	10	6.00E+12	10	10	-1	0	6.00E+12	10	6.00E+12	10
	1	320	0	0	0	6.00E+12	10	6.00E+12	2.984139532	1.66	6.00E+12	10	10	6.00E+12	10	10	6.00E+12	10	10	-1	0	6.00E+12	10	6.00E+12	10
	1	321	0	0	0	6.00E+12	10	6.00E+12	2.636895622	1.66	6.00E+12	10	10	6.00E+12	10	10	6.00E+12	10	10	-1	0	6.00E+12	10	6.00E+12	10
	1	322	0	0	0	6.00E+12	10	6.00E+12	2.636895622	1.66	6.00E+12	10	10	6.00E+12	10	10	6.00E+12	10	10	-1	0	6.00E+12	10	6.00E+12	10
	1	323	0	0	0	6.00E+12	10	6.00E+12	2.636895622	1.66	6.00E+12	10	10	6.00E+12	10	10	6.00E+12	10	10	-1	0	6.00E+12	10	6.00E+12	10
	1	324	0	0	0	6.00E+12	10	6.00E+12	2.636895622	1.66	6.00E+12	10	10	6.00E+12	10	10	6.00E+12	10	10	-1	0	6.00E+12	10	6.00E+12	10
	1	325	0	0	0	6.00E+12	10	6.00E+12	1.182898214	1.66	6.00E+12	10	10	6.00E+12	10	10	6.00E+12	10	10	-1	0	6.00E+12	10	6.00E+12	10
	1	326	0	0	0	6.00E+12	10	6.00E+12	2.779390135	1.66	6.00E+12	10	10	6.00E+12	10	10	6.00E+12	10	10	-1	0	6.00E+12	10	6.00E+12	10
	1	327	0	0	0	6.00E+12	10	6.00E+12	2.844411903	1.66	6.00E+12	10	10	6.00E+12	10	10	6.00E+12	10	10	-1	0	6.00E+12	10	6.00E+12	10
	1	328	0	0	0	6.00E+12	10	6.00E+12	2.914967438	1.66	6.00E+12	10	10	6.00E+12	10	10	6.00E+12	10	10	-1	0	6.00E+12	10	6.00E+12	10
	1	329	0	0	0	6.00E+12	10	6.00E+12	2.844411903	1.66	6.00E+12	10	10	6.00E+12	10	10	6.00E+12	10	10	-1	0	6.00E+12	10	6.00E+12	10
	1	330	0	0	0	6.00E+12	10	6.00E+12	3.33	1.66	6.00E+12	10	10	6.00E+12	10	10	6.00E+12	10	10	-1	0	6.00E+12	10	6.00E+12	10
	1	331	0	0	0	6.00E+12	10	6.00E+12	2.636895622	1.66	6.00E+12	10	10	6.00E+12	10	10	6.00E+12	10	10	-1	0	6.00E+12	10	6.00E+12	10
	1	332	0	0	0	6.00E+12	10	6.00E+12	3.123867161	1.66	6.00E+12	10	10	6.00E+12	10	10	6.00E+12	10	10	-1	0	6.00E+12	10	6.00E+12	10
	1	333	0	0	0	6.00E+12	10	6.00E+12	2.843028461	1.66	6.00E+12	10	10	6.00E+12	10	10	6.00E+12	10	10	-1	0	6.00E+12	10	6.00E+12	10
	1	334	0	0	0	6.00E+12	10	6.00E+12	2.776623251	1.66	6.00E+12	10	10	6.00E+12	10	10	6.00E+12	10	10	-1	0	6.00E+12	10	6.00E+12	10
	1	335	0	0	0	6.00E+12	10	6.00E+12	2.984139532	1.66	6.00E+12	10	10	6.00E+12	10	10	6.00E+12	10	10	-1	0	6.00E+12	10	6.00E+12	10
	1	336	0	0	0	6.00E+12	10	6.00E+12	3.33	1.66	6.00E+12	10	10	6.00E+12	10	10	6.00E+12	10	10	-1	0	6.00E+12	10	6.00E+12	10
	1	337	0	0	0	6.00E+12	10	6.00E+12	2.636895622	1.66	6.00E+12	10	10	6.00E+12	10	10	6.00E+12	10	10	-1	0	6.00E+12	10	6.00E+12	10
	1	338	0	0	0	6.00E+12	10	6.00E+12	2.98275609	1.66	6.00E+12	10	10	6.00E+12	10	10	6.00E+12	10	10	-1	0	6.00E+12	10	6.00E+12	10
	1	339	0	0	0	6.00E+12	10	6.00E+12	2.636895622	1.66	6.00E+12	10	10	6.00E+12	10	10	6.00E+12	10	10	-1	0	6.00E+12	10	6.00E+12	10
	1	340	0	0	0	6.00E+12	10	6.00E+12	2.984139532	1.66	6.00E+12	10	10	6.00E+12	10	10	6.00E+12	10	10	-1	0	6.00E+12	10	6.00E+12	10
	1	341	0	0	0	6.00E+12	10	6.00E+12	2.636895622	1.66	6.00E+12	10	10	6.00E+12	10	10	6.00E+12	10	10	-1	0	6.00E+12	10	6.00E+12	10
	1	342	0	0	0	6.00E+12	10	6.00E+12	2.636895622	1.66	6.00E+12	10	10	6.00E+12	10	10	6.00E+12	10	10	-1	0	6.00E+12	10	6.00E+12	10
	1	343	0	0	0	6.00E+12	10	6.00E+12	2.636895622	1.66	6.00E+12	10	10	6.00E+12	10	10	6.00E+12	10	10	-1	0	6.00E+12	10	6.00E+12	10
	1	344	0	0	0	6.00E+12	10	6.00E+12	2.636895622	1.66	6.00E+12	10	10	6.00E+12	10	10	6.00E+12	10	10	-1	0	6.00E+12	10	6.00E+12	10
	1	345	0	0	0	6.00E+12	10	6.00E+12	1.182898214	1.66	6.00E+12	10	10	6.00E+12	10	10	6.00E+12	10	10	-1	0	6.00E+12	10	6.00E+12	10
	1	346	0	0	0	6.00E+12	10	6.00E+12	2.780773577	1.66	6.00E+12	10	10	6.00E+12	10	10	6.00E+12	10	10	-1	0	6.00E+12	10	6.00E+12	10
	1	347	0	0	0	6.00E+12	10	6.00E+12	2.914967438	1.66	6.00E+12	10	10	6.00E+12	10	10	6.00E+12	10	10	-1	0	6.00E+12	10	6.00E+12	10
	1	348	0	0	0	6.00E+12	10	6.00E+12	2.844411903	1.66	6.00E+12	10	10	6.00E+12	10	10	6.00E+12	10	10	-1	0	6.00E+12	10	6.00E+12	10
	1	349	0	0	0	6.00E+12	10	6.00E+12	2.844411903	1.66	6.00E+12	10	10	6.00E+12	10	10	6.00E+12	10	10	-1	0	6.00E+12	10	6.00E+12	10
	1	350	0	0	0	6.00E+12	10	6.00E+12	3.33	1.66	6.00E+12	10	10	6.00E+12	10	10	6.00E+12	10	10	-1	0	6.00E+12	10	6.00E+12	10
	1	351	0	0	0	6.00E+12	10	6.00E+12	2.914967438	1.66	6.00E+12	10	10	6.00E+12	10	10	6.00E+12	10	10	-1	0	6.00E+12	10	6.00E+12	10
	1	352	0	0	0	6.00E+12	10	6.00E+12	2.844411903	1.66	6.00E+12	10	10	6.00E+12	10	10	6.00E+12	10	10	-1	0	6.00E+12	10	6.00E+12	10
	1	353	0	0	0	6.00E+12	10	6.00E+12	2.844411903	1.66	6.00E+12	10	10	6.00E+12	10	10	6.00E+12	10	10	-1	0	6.00E+12	10	6.00E+12	10
	1	354	0	0	0	6.00E+12	10	6.00E+12	2.914967438	1.66	6.00E+12	10	10	6.00E+12	10	10	6.00E+12	10	10	-1	0	6.00E+12	10	6.00E+12	10
##############################			information for SIA				##############################																		
	2	0	1	0	0	6.00E+12	0.032	6.00E+12	10	1.66	6.00E+12	10	0.013	6.00E+12	10	10	6.00E+12	10	10	-1.00E+00	0	6.00E+12	0.38	6.00E+12	10
	2	0	2	0	0	4.24E+12	0.024	6.00E+12	10	1.66	6.00E+12	2.12	0.013	6.00E+12	10	10	6.00E+12	10	10	-1.00E+00	0	6.00E+12	0.61	6.00E+12	10
	2	0	3	0	0	3.46E+12	0.013	6.00E+12	10	1.66	6.00E+12	3.02	0.013	6.00E+12	10	10	6.00E+12	10	10	-1.00E+00	0	6.00E+12	0.95	6.00E+12	10
	2	0	4	0	0	3.00E+12	0.013	6.00E+12	10	1.66	6.00E+12	3.6	0.013	6.00E+12	10	10	6.00E+12	10	10	-1.00E+00	0	6.00E+12	1.2	6.00E+12	10
	2	0	5	0	0	2.68E+12	0.013	6.00E+12	10	1.66	6.00E+12	3.98	0.013	6.00E+12	10	10	6.00E+12	10	10	-1.00E+00	0	6.00E+12	1.5	6.00E+12	10
	2	0	6	0	0	2.45E+12	0.013	6.00E+12	10	1.66	6.00E+12	4.27	0.013	6.00E+12	10	10	6.00E+12	10	10	-1.00E+00	0	6.00E+12	10	6.00E+12	10
	2	0	7	0	0	2.27E+12	0.013	6.00E+12	10	1.66	6.00E+12	5.39	0.013	6.00E+12	10	10	6.00E+12	10	10	-1.00E+00	0	6.00E+12	10	6.00E+12	10
	2	0	8	0	0	2.12E+12	0.013	6.00E+12	10	1.66	6.00E+12	5.412777579	0.013	6.00E+12	10	10	6.00E+12	10	10	-1.00E+00	0	6.00E+12	10	6.00E+12	10
	2	0	9	0	0	2.00E+12	0.013	6.00E+12	10	1.66	6.00E+12	5.59890823	0.013	6.00E+12	10	10	6.00E+12	10	10	-1.00E+00	0	6.00E+12	10	6.00E+12	10
	2	0	10	0	0	1.90E+12	0.013	6.00E+12	10	1.66	6.00E+12	5.757851309	0.013	6.00E+12	10	10	6.00E+12	10	10	-1.00E+00	0	6.00E+12	10	6.00E+12	10
	2	0	11	0	0	1.81E+12	0.013	6.00E+12	10	1.66	6.00E+12	5.895878747	0.013	6.00E+12	10	10	6.00E+12	10	10	-1.00E+00	0	6.00E+12	10	6.00E+12	10
	2	0	12	0	0	1.73E+12	0.013	6.00E+12	10	1.66	6.00E+12	6.017379369	0.013	6.00E+12	10	10	6.00E+12	10	10	-1.00E+00	0	6.00E+12	10	6.00E+12	10
	2	0	13	0	0	1.66E+12	0.013	6.00E+12	10	1.66	6.00E+12	6.125533803	0.013	6.00E+12	10	10	6.00E+12	10	10	-1.00E+00	0	6.00E+12	10	6.00E+12	10
	2	0	14	0	0	1.60E+12	0.013	6.00E+12	10	1.66	6.00E+12	6.222714197	0.013	6.00E+12	10	10	6.00E+12	10	10	-1.00E+00	0	6.00E+12	10	6.00E+12	10
	2	0	15	0	0	1.55E+12	0.013	6.00E+12	10	1.66	6.00E+12	6.310732626	0.013	6.00E+12	10	10	6.00E+12	10	10	-1.00E+00	0	6.00E+12	10	6.00E+12	10
	2	0	16	0	0	1.50E+12	0.013	6.00E+12	10	1.66	6.00E+12	6.39100172	0.013	6.00E+12	10	10	6.00E+12	10	10	-1.00E+00	0	6.00E+12	10	6.00E+12	10
	2	0	17	0	0	1.46E+12	0.013	6.00E+12	10	1.66	6.00E+12	6.464642087	0.013	6.00E+12	10	10	6.00E+12	10	10	-1.00E+00	0	6.00E+12	10	6.00E+12	10
	2	0	18	0	0	1.41E+12	0.013	6.00E+12	10	1.66	6.00E+12	6.532556249	0.013	6.00E+12	10	10	6.00E+12	10	10	-1.00E+00	0	6.00E+12	10	6.00E+12	10
	2	0	19	0	0	1.38E+12	0.013	6.00E+12	10	1.66	6.00E+12	6.595480789	0.013	6.00E+12	10	10	6.00E+12	10	10	-1.00E+00	0	6.00E+12	10	6.00E+12	10
	2	0	20	0	0	1.34E+12	0.013	6.00E+12	10	1.66	6.00E+12	6.654023958	0.013	6.00E+12	10	10	6.00E+12	10	10	-1.00E+00	0	6.00E+12	10	6.00E+12	10
	2	0	21	0	0	1.31E+12	0.013	6.00E+12	10	1.66	6.00E+12	6.708693307	0.013	6.00E+12	10	10	6.00E+12	10	10	-1.00E+00	0	6.00E+12	10	6.00E+12	10
	2	0	22	0	0	1.28E+12	0.013	6.00E+12	10	1.66	6.00E+12	6.75991634	0.013	6.00E+12	10	10	6.00E+12	10	10	-1.00E+00	0	6.00E+12	10	6.00E+12	10
	2	0	23	0	0	1.25E+12	0.013	6.00E+12	10	1.66	6.00E+12	6.808056189	0.013	6.00E+12	10	10	6.00E+12	10	10	-1.00E+00	0	6.00E+12	10	6.00E+12	10
	2	0	24	0	0	1.22E+12	0.013	6.00E+12	10	1.66	6.00E+12	6.853423674	0.013	6.00E+12	10	10	6.00E+12	10	10	-1.00E+00	0	6.00E+12	10	6.00E+12	10
	2	0	25	0	0	1.20E+12	0.013	6.00E+12	10	1.66	6.00E+12	6.896286694	0.013	6.00E+12	10	10	6.00E+12	10	10	-1.00E+00	0	6.00E+12	10	6.00E+12	10
	2	0	26	0	0	1.18E+12	0.013	6.00E+12	10	1.66	6.00E+12	6.936877631	0.013	6.00E+12	10	10	6.00E+12	10	10	-1.00E+00	0	6.00E+12	10	6.00E+12	10
	2	0	27	0	0	1.15E+12	0.013	6.00E+12	10	1.66	6.00E+12	6.975399233	0.013	6.00E+12	10	10	6.00E+12	10	10	-1.00E+00	0	6.00E+12	10	6.00E+12	10
	2	0	28	0	0	1.13E+12	0.013	6.00E+12	10	1.66	6.00E+12	7.012029353	0.013	6.00E+12	10	10	6.00E+12	10	10	-1.00E+00	0	6.00E+12	10	6.00E+12	10
	2	0	29	0	0	1.11E+12	0.013	6.00E+12	10	1.66	6.00E+12	7.046924776	0.013	6.00E+12	10	10	6.00E+12	10	10	-1.00E+00	0	6.00E+12	10	6.00E+12	10
	2	0	30	0	0	1.10E+12	0.013	6.00E+12	10	1.66	6.00E+12	7.080224357	0.013	6.00E+12	10	10	6.00E+12	10	10	-1.00E+00	0	6.00E+12	10	6.00E+12	10
	2	0	31	0	0	1.08E+12	0.013	6.00E+12	10	1.66	6.00E+12	7.112051597	0.013	6.00E+12	10	10	6.00E+12	10	10	-1.00E+00	0	6.00E+12	10	6.00E+12	10
##############################			information for Be			##############################																			
	3	0	0	1	0	6.00E+10	1.08	6.00E+12	10	1.66	6.00E+12	10	0.013	6.00E+12	10	1.08	6.00E+12	10	10	-1	2	6.00E+12	10	6.00E+12	10
	3	0	0	2	0	6.00E+10	10	6.00E+12	10	1.66	6.00E+12	10	0.013	6.00E+12	1.1	1.08	6.00E+12	10	10	-1	2	6.00E+12	10	6.00E+12	10
	3	0	0	3	0	6.00E+10	10	6.00E+12	10	1.66	6.00E+12	10	0.013	6.00E+12	2.9	1.08	6.00E+12	10	10	-1	2	6.00E+12	10	6.00E+12	10
	3	0	0	4	0	6.00E+10	10	6.00E+12	10	1.66	6.00E+12	10	0.013	6.00E+12	1.01	1.08	6.00E+12	10	10	-1	2	6.00E+12	10	6.00E+12	10
##############################			information for He			##############################																			
	4	0	0	0	1	1.38E+13 0.13 	6.00E+12	10	1.66	6.00E+12	10	0.013	6.00E+12	10	1.08	6.00E+10	10	0.01	-1	1	6.00E+12	10	6.00E+12	6	
	4	0	0	0	2	1.53E+13 0.2  	6.00E+12	10	1.66	6.00E+12	10	0.013	6.00E+12	10	1.08	6.00E+10	1.01	0.01	-1	1	6.00E+12	10	6.00E+12	4	
	4	0	0	0	3	1.10E+13 0.25 	6.00E+12	10	1.66	6.00E+12	10	0.013	6.00E+12	10	1.08	6.00E+10	1.34	0.01	-1	1	6.00E+12	10	6.00E+12	2.5	
	4	0	0	0	4	8.10E+12 0.2  		6.00E+12	10	1.66	6.00E+12	10	0.013	6.00E+12	10	1.08	6.00E+10	1.5	0.01	-1	1	6.00E+12	10	6.00E+12	1.4
	4	0	0	0	5	2.38E+12 0.12 	6.00E+12	10	1.66	6.00E+12	10	0.013	6.00E+12	10	1.08	6.00E+10	1.62	0.01	-1	1	6.00E+12	10	6.00E+12	0.8	
	4	0	0	0	6	4.77E+11 0.3  	6.00E+12	10	1.66	6.00E+12	10	0.013	6.00E+12	10	1.08	6.00E+10	2.07	0.01	-1	1	6.00E+12	10	6.00E+12	-2	
	4	0	0	0	7	6.00E+10	0.13	6.00E+12	10	1.66	6.00E+12	10	0.013	6.00E+12	10	1.08	6.00E+10	2.16	0.01	-1	1	6.00E+12	10	6.00E+12	-2
	4	0	0	0	8	6.00E+10	0.15	6.00E+12	10	1.66	6.00E+12	10	0.013	6.00E+12	10	1.08	6.00E+10	2.13	0.01	-1	1	6.00E+12	10	6.00E+12	-2
	4	0	0	0	9	6.00E+10	0.17	6.00E+12	10	1.66	6.00E+12	10	0.013	6.00E+12	10	1.08	6.00E+10	2.09	0.01	-1	1	6.00E+12	10	6.00E+12	-2
##############################			information for V-Be-			##############################																			
	6	1	0	1	0	6.00E+12	10	6.00E+12	6.7755	1.66	6.00E+12	10	0.013	6.00E+12	6.7755	1.08	6.00E+12	10	0.01	-1	0	6.00E+12	10	6.00E+12	-1
	6	1	0	2	0	6.00E+12	10	6.00E+12	8.3166	1.66	6.00E+12	10	0.013	6.00E+12	2.6427	1.08	6.00E+12	10	0.01	-1	0	6.00E+12	10	6.00E+12	-1
	6	1	0	3	0	6.00E+12	10	6.00E+12	8.0787	1.66	6.00E+12	10	0.013	6.00E+12	2.6763	1.08	6.00E+12	10	0.01	-1	0	6.00E+12	10	6.00E+12	-1
	6	1	0	4	0	6.00E+12	10	6.00E+12	10.1223	1.66	6.00E+12	10	0.013	6.00E+12	3.0591	1.08	6.00E+12	10	0.01	-1	0	6.00E+12	10	6.00E+12	-1
	6	1	0	5	0	6.00E+12	10	6.00E+12	10	1.66	6.00E+12	10	0.013	6.00E+12	3.2419	1.08	6.00E+12	10	0.01	-1	0	6.00E+12	10	6.00E+12	-1
	6	1	0	6	0	6.00E+12	10	6.00E+12	10	1.66	6.00E+12	10	0.013	6.00E+12	2.8805	1.08	6.00E+12	10	0.01	-1	0	6.00E+12	10	6.00E+12	-1
	6	2	0	1	0	6.00E+12	10	6.00E+12	0.1789	1.66	6.00E+12	10	0.013	6.00E+12	6.6462	1.08	6.00E+12	10	0.01	-1	0	6.00E+12	10	6.00E+12	-1
	6	2	0	2	0	6.00E+12	10	6.00E+12	4.0583	1.66	6.00E+12	10	0.013	6.00E+12	6.5222	1.08	6.00E+12	10	0.01	-1	0	6.00E+12	10	6.00E+12	-1
	6	2	0	3	0	6.00E+12	10	6.00E+12	5.1961	1.66	6.00E+12	10	0.013	6.00E+12	3.8141	1.08	6.00E+12	10	0.01	-1	0	6.00E+12	10	6.00E+12	-1
	6	2	0	4	0	6.00E+12	10	6.00E+12	3.7153	1.66	6.00E+12	10	0.013	6.00E+12	1.5783	1.08	6.00E+12	10	0.01	-1	0	6.00E+12	10	6.00E+12	-1
	6	3	0	1	0	6.00E+12	10	6.00E+12	0.2831	1.66	6.00E+12	10	0.013	6.00E+12	6.5341	1.08	6.00E+12	10	0.01	-1	0	6.00E+12	10	6.00E+12	-1
	6	3	0	2	0	6.00E+12	10	6.00E+12	0.313	1.66	6.00E+12	10	0.013	6.00E+12	6.5521	1.08	6.00E+12	10	0.01	-1	0	6.00E+12	10	6.00E+12	-1
	6	3	0	3	0	6.00E+12	10	6.00E+12	2.9902	1.66	6.00E+12	10	0.013	6.00E+12	6.4913	1.08	6.00E+12	10	0.01	-1	0	6.00E+12	10	6.00E+12	-1
	6	3	0	4	0	6.00E+12	10	6.00E+12	5.4727	1.66	6.00E+12	10	0.013	6.00E+12	4.0608	1.08	6.00E+12	10	0.01	-1	0	6.00E+12	10	6.00E+12	-1
	6	4	0	1	0	6.00E+12	10	6.00E+12	0.7748	1.66	6.00E+12	10	0.013	6.00E+12	6.3382	1.08	6.00E+12	10	0.01	-1	0	6.00E+12	10	6.00E+12	-1
	6	4	0	2	0	6.00E+12	10	6.00E+12	0.7069	1.66	6.00E+12	10	0.013	6.00E+12	6.4842	1.08	6.00E+12	10	0.01	-1	0	6.00E+12	10	6.00E+12	-1
	6	4	0	3	0	6.00E+12	10	6.00E+12	0.5355	1.66	6.00E+12	10	0.013	6.00E+12	6.3199	1.08	6.00E+12	10	0.01	-1	0	6.00E+12	10	6.00E+12	-1
	6	4	0	4	0	6.00E+12	10	6.00E+12	2.9126	1.66	6.00E+12	10	0.013	6.00E+12	6.438	1.08	6.00E+12	10	0.01	-1	0	6.00E+12	10	6.00E+12	-1
##############################			information for V--He			##############################																			
	7	1	0	0	1	6.00E+12	4.83	6.00E+12	4.67	1.66	6.00E+12	10	0.013	6.00E+12	10	1.08	6.00E+12	4.67	0.01	-1	0	6.00E+12	10	6.00E+12	-1
	7	1	0	0	2	3.00E+12	2.04	6.00E+12	6.84	1.66	6.00E+12	10	0.013	6.00E+12	10	1.08	6.00E+12	3.22	0.01	-1	0	6.00E+12	10	6.00E+12	-1
	7	1	0	0	3	2.00E+12	1.94	6.00E+12	8.63	1.66	6.00E+12	10	0.013	6.00E+12	10	1.08	6.00E+12	3.17	0.01	-1	0	6.00E+12	10	6.00E+12	-1
	7	1	0	0	4	6.00E+12	10	6.00E+12	10.25	1.66	6.00E+12	10	0.013	6.00E+12	10	1.08	6.00E+12	3.23	0.01	-1	0	6.00E+12	10	6.00E+12	-1
	7	1	0	0	5	6.00E+12	10	6.00E+12	9.81	1.66	6.00E+12	10	0.013	6.00E+12	10	1.08	6.00E+12	2.23	0.01	-1	0	6.00E+12	10	6.00E+12	-1
	7	1	0	0	6	6.00E+12	10	6.00E+12	9.68	1.66	6.00E+12	10	0.013	6.00E+12	10	1.08	6.00E+12	2.77	0.01	-1	0	6.00E+12	10	6.00E+12	-1
	7	1	0	0	7	6.00E+12	10	6.00E+12	8.94	1.66	6.00E+12	10	0.013	6.00E+12	10	1.08	6.00E+12	2.35	0.01	-1	0	6.00E+12	10	6.00E+12	-1
	7	1	0	0	8	6.00E+12	10	6.00E+12	8.24	1.66	6.00E+12	10	0.013	6.00E+12	10	1.08	6.00E+12	2.53	0.01	-1	0	6.00E+12	10	6.00E+12	-1
	7	1	0	0	9	6.00E+12	10	6.00E+12	7.01	1.66	6.00E+12	10	0.013	6.00E+12	10	1.08	6.00E+12	2.13	0.01	-1	0	6.00E+12	10	6.00E+12	-1
	7	2	0	0	1	6.00E+12	10	6.00E+12	0.02	1.66	6.00E+12	10	0.013	6.00E+12	10	1.08	6.00E+12	4.79	0.01	-1	0	6.00E+12	10	6.00E+12	-1
	7	2	0	0	2	6.00E+12	10	6.00E+12	1.69	1.66	6.00E+12	10	0.013	6.00E+12	10	1.08	6.00E+12	4.93	0.01	-1	0	6.00E+12	10	6.00E+12	-1
	7	2	0	0	3	6.00E+12	10	6.00E+12	2.6	1.66	6.00E+12	10	0.013	6.00E+12	10	1.08	6.00E+12	4.08	0.01	-1	0	6.00E+12	10	6.00E+12	-1
	7	2	0	0	4	6.00E+12	10	6.00E+12	3.52	1.66	6.00E+12	10	0.013	6.00E+12	10	1.08	6.00E+12	4.15	0.01	-1	0	6.00E+12	10	6.00E+12	-1
	7	3	0	0	1	6.00E+12	10	6.00E+12	0.63	1.66	6.00E+12	10	0.013	6.00E+12	10	1.08	6.00E+12	5.43	0.01	-1	0	6.00E+12	10	6.00E+12	-1
	7	3	0	0	2	6.00E+12	10	6.00E+12	0.68	1.66	6.00E+12	10	0.013	6.00E+12	10	1.08	6.00E+12	4.98	0.01	-1	0	6.00E+12	10	6.00E+12	-1
	7	3	0	0	3	6.00E+12	10	6.00E+12	1.74	1.66	6.00E+12	10	0.013	6.00E+12	10	1.08	6.00E+12	5.14	0.01	-1	0	6.00E+12	10	6.00E+12	-1
	7	3	0	0	4	6.00E+12	10	6.00E+12	1.92	1.66	6.00E+12	10	0.013	6.00E+12	10	1.08	6.00E+12	4.33	0.01	-1	0	6.00E+12	10	6.00E+12	-1
	7	4	0	0	1	6.00E+12	10	6.00E+12	0.83	1.66	6.00E+12	10	0.013	6.00E+12	10	1.08	6.00E+12	5.67	0.01	-1	0	6.00E+12	10	6.00E+12	-1
	7	4	0	0	2	6.00E+12	10	6.00E+12	1.2	1.66	6.00E+12	10	0.013	6.00E+12	10	1.08	6.00E+12	5.34	0.01	-1	0	6.00E+12	10	6.00E+12	-1
	7	4	0	0	3	6.00E+12	10	6.00E+12	1.2	1.66	6.00E+12	10	0.013	6.00E+12	10	1.08	6.00E+12	5.13	0.01	-1	0	6.00E+12	10	6.00E+12	-1
	7	4	0	0	4	6.00E+12	10	6.00E+12	2.08	1.66	6.00E+12	10	0.013	6.00E+12	10	1.08	6.00E+12	5.21	0.01	-1	0	6.00E+12	10	6.00E+12	-1
##############################			information for -Wbe-			##############################																			
	8	0	1	1	0	6.00E+12	10	6.00E+12	10	1.66	6.00E+12	1.051	0.013	6.00E+12	1.051	1.08	6.00E+12	10	0.01	-1	0	6.00E+12	10	6.00E+12	10
	8	0	1	2	0	6.00E+12	10	6.00E+12	10	1.66	6.00E+12	0.9	0.013	6.00E+12	0.9	1.08	6.00E+12	10	0.01	-1	0	6.00E+12	10	6.00E+12	10
	8	0	1	3	0	6.00E+12	10	6.00E+12	10	1.66	6.00E+12	0.749	0.013	6.00E+12	0.749	1.08	6.00E+12	10	0.01	-1	0	6.00E+12	10	6.00E+12	10
	8	0	1	4	0	6.00E+12	10	6.00E+12	10	1.66	6.00E+12	0.598	0.013	6.00E+12	0.598	1.08	6.00E+12	10	0.01	-1	0	6.00E+12	10	6.00E+12	10
	8	0	1	5	0	6.00E+12	10	6.00E+12	10	1.66	6.00E+12	0.447	0.013	6.00E+12	0.447	1.08	6.00E+12	10	0.01	-1	0	6.00E+12	10	6.00E+12	10
	8	0	2	1	0	6.00E+12	10	6.00E+12	10	1.66	6.00E+12	0.296	0.013	6.00E+12	0.296	1.08	6.00E+12	10	0.01	-1	0	6.00E+12	10	6.00E+12	10
	8	0	2	2	0	6.00E+12	10	6.00E+12	10	1.66	6.00E+12	0.145	0.013	6.00E+12	0.145	1.08	6.00E+12	10	0.01	-1	0	6.00E+12	10	6.00E+12	10
	8	0	2	3	0	6.00E+12	10	6.00E+12	10	1.66	6.00E+12	0	0.013	6.00E+12	0	1.08	6.00E+12	10	0.01	-1	0	6.00E+12	10	6.00E+12	10
##############################			information for -W-He			##############################																			
	9	0	1	0	1	6.00E+12	0.38	6.00E+12	10	1.66	6.00E+12	1.05	0.013	6.00E+12	10	1.08	6.00E+12	1.05	0.01	-1	0	6.00E+12	10	6.00E+12	-1
	9	0	1	0	2	6.00E+12	10	6.00E+12	10	1.66	6.00E+12	1.83	0.013	6.00E+12	10	1.08	6.00E+12	1.61	0.01	-1	0	6.00E+12	10	6.00E+12	-1
	9	0	1	0	3	6.00E+12	10	6.00E+12	10	1.66	6.00E+12	1.96	0.013	6.00E+12	10	1.08	6.00E+12	1.66	0.01	-1	0	6.00E+12	10	6.00E+12	-1
	9	0	1	0	4	6.00E+12	10	6.00E+12	10	1.66	6.00E+12	2.32	0.013	6.00E+12	10	1.08	6.00E+12	1.69	0.01	-1	0	6.00E+12	10	6.00E+12	-1
	9	0	1	0	5	6.00E+12	10	6.00E+12	10	1.66	6.00E+12	2.48	0.013	6.00E+12	10	1.08	6.00E+12	1.66	0.01	-1	0	6.00E+12	10	6.00E+12	-1
	9	0	2	0	1	6.00E+12	0.61	6.00E+12	10	1.66	6.00E+12	2.88	0.013	6.00E+12	10	1.08	6.00E+12	1.35	0.01	-1	0	6.00E+12	10	6.00E+12	-1
	9	0	3	0	1	6.00E+12	10	6.00E+12	10	1.66	6.00E+12	4.05	0.013	6.00E+12	10	1.08	6.00E+12	1.9	0.01	-1	0	6.00E+12	10	6.00E+12	-1
##############################			information for --BeHe			##############################																			
	10	0	0	1	1	6.00E+12	10	6.00E+12	10	1.66	6.00E+12	10	0.013	6.00E+12	1	1.08	6.00E+12	1	0.01	-1	2	6.00E+12	10	6.00E+12	-1
	10	0	0	1	2	6.00E+12	10	6.00E+12	10	1.66	6.00E+12	10	0.013	6.00E+12	1.0148	1.08	6.00E+12	1.4486	0.01	-1	2	6.00E+12	10	6.00E+12	-1
	10	0	0	1	3	6.00E+12	10	6.00E+12	10	1.66	6.00E+12	10	0.013	6.00E+12	1.1679	1.08	6.00E+12	1.6646	0.01	-1	2	6.00E+12	10	6.00E+12	-1
	10	0	0	1	4	6.00E+12	10	6.00E+12	10	1.66	6.00E+12	10	0.013	6.00E+12	1.4877	1.08	6.00E+12	2.177	0.01	-1	2	6.00E+12	10	6.00E+12	-1
	10	0	0	2	1	6.00E+12	10	6.00E+12	10	1.66	6.00E+12	10	0.013	6.00E+12	2.0929	1.08	6.00E+12	1.4841	0.01	-1	2	6.00E+12	10	6.00E+12	-1
	10	0	0	2	2	6.00E+12	10	6.00E+12	10	1.66	6.00E+12	10	0.013	6.00E+12	2.0832	1.08	6.00E+12	1.4389	0.01	-1	2	6.00E+12	10	6.00E+12	-1
	10	0	0	2	3	6.00E+12	10	6.00E+12	10	1.66	6.00E+12	10	0.013	6.00E+12	2.1935	1.08	6.00E+12	1.7749	0.01	-1	2	6.00E+12	10	6.00E+12	-1
	10	0	0	2	4	6.00E+12	10	6.00E+12	10	1.66	6.00E+12	10	0.013	6.00E+12	1.9064	1.08	6.00E+12	1.8899	0.01	-1	2	6.00E+12	10	6.00E+12	-1
	10	0	0	3	1	6.00E+12	10	6.00E+12	10	1.66	6.00E+12	10	0.013	6.00E+12	2.1707	1.08	6.00E+12	0.7406	0.01	-1	2	6.00E+12	10	6.00E+12	-1
	10	0	0	3	2	6.00E+12	10	6.00E+12	10	1.66	6.00E+12	10	0.013	6.00E+12	1.8709	1.08	6.00E+12	1.1391	0.01	-1	2	6.00E+12	10	6.00E+12	-1
	10	0	0	3	3	6.00E+12	10	6.00E+12	10	1.66	6.00E+12	10	0.013	6.00E+12	2.1656	1.08	6.00E+12	2.0695	0.01	-1	2	6.00E+12	10	6.00E+12	-1
	10	0	0	3	4	6.00E+12	10	6.00E+12	10	1.66	6.00E+12	10	0.013	6.00E+12	2.4245	1.08	6.00E+12	2.1488	0.01	-1	2	6.00E+12	10	6.00E+12	-1
	10	0	0	4	1	6.00E+12	10	6.00E+12	10	1.66	6.00E+12	10	0.013	6.00E+12	1.1314	1.08	6.00E+12	0.8566	0.01	-1	2	6.00E+12	10	6.00E+12	-1
	10	0	0	4	2	6.00E+12	10	6.00E+12	10	1.66	6.00E+12	10	0.013	6.00E+12	1.5198	1.08	6.00E+12	1.5274	0.01	-1	2	6.00E+12	10	6.00E+12	-1
	10	0	0	4	3	6.00E+12	10	6.00E+12	10	1.66	6.00E+12	10	0.013	6.00E+12	1.6593	1.08	6.00E+12	2.2091	0.01	-1	2	6.00E+12	10	6.00E+12	-1
	10	0	0	4	4	6.00E+12	10	6.00E+12	10	1.66	6.00E+12	10	0.013	6.00E+12	1.1395	1.08	6.00E+12	1.629	0.01	-1	2	6.00E+12	10	6.00E+12	-1
##############################			information for V-BeHe			##############################																			
	13	1	0	1	1	6.00E+12	10	6.00E+12	10	1.66	6.00E+12	10	0.013	6.00E+12	4.3964	1.08	6.00E+12	2.368	0.01	-1	0	6.00E+12	10	6.00E+12	-1
	13	1	0	1	2	6.00E+12	10	6.00E+12	10	1.66	6.00E+12	10	0.013	6.00E+12	3.1262	1.08	6.00E+12	1.9828	0.01	-1	0	6.00E+12	10	6.00E+12	-1
	13	1	0	1	3	6.00E+12	10	6.00E+12	10	1.66	6.00E+12	10	0.013	6.00E+12	2.2251	1.08	6.00E+12	2.3259	0.01	-1	0	6.00E+12	10	6.00E+12	-1
	13	1	0	1	4	6.00E+12	10	6.00E+12	10	1.66	6.00E+12	10	0.013	6.00E+12	1.1608	1.08	6.00E+12	2.2011	0.01	-1	0	6.00E+12	10	6.00E+12	-1
	13	1	0	2	1	6.00E+12	10	6.00E+12	10	1.66	6.00E+12	10	0.013	6.00E+12	2.0982	1.08	6.00E+12	1.8235	0.01	-1	0	6.00E+12	10	6.00E+12	-1
	13	1	0	2	2	6.00E+12	10	6.00E+12	10	1.66	6.00E+12	10	0.013	6.00E+12	2.1798	1.08	6.00E+12	2.0644	0.01	-1	0	6.00E+12	10	6.00E+12	-1
	13	1	0	2	3	6.00E+12	10	6.00E+12	10	1.66	6.00E+12	10	0.013	6.00E+12	1.8328	1.08	6.00E+12	1.9789	0.01	-1	0	6.00E+12	10	6.00E+12	-1
	13	1	0	2	4	6.00E+12	10	6.00E+12	10	1.66	6.00E+12	10	0.013	6.00E+12	1.465	1.08	6.00E+12	1.8332	0.01	-1	0	6.00E+12	10	6.00E+12	-1
	13	1	0	3	1	6.00E+12	10	6.00E+12	10	1.66	6.00E+12	10	0.013	6.00E+12	2.9265	1.08	6.00E+12	2.0737	0.01	-1	0	6.00E+12	10	6.00E+12	-1
	13	1	0	3	2	6.00E+12	10	6.00E+12	10	1.66	6.00E+12	10	0.013	6.00E+12	2.5233	1.08	6.00E+12	1.6613	0.01	-1	0	6.00E+12	10	6.00E+12	-1
	13	1	0	3	3	6.00E+12	10	6.00E+12	10	1.66	6.00E+12	10	0.013	6.00E+12	2.6409	1.08	6.00E+12	2.0965	0.01	-1	0	6.00E+12	10	6.00E+12	-1
	13	1	0	3	4	6.00E+12	10	6.00E+12	10	1.66	6.00E+12	10	0.013	6.00E+12	2	1.08	6.00E+12	1.5	0.01	-1	0	6.00E+12	10	6.00E+12	-1
	13	1	0	4	1	6.00E+12	10	6.00E+12	10	1.66	6.00E+12	10	0.013	6.00E+12	2.2336	1.08	6.00E+12	1.2478	0.01	-1	0	6.00E+12	10	6.00E+12	-1
	13	1	0	4	2	6.00E+12	10	6.00E+12	10	1.66	6.00E+12	10	0.013	6.00E+12	2.6451	1.08	6.00E+12	2.0727	0.01	-1	0	6.00E+12	10	6.00E+12	-1
	13	1	0	4	3	6.00E+12	10	6.00E+12	10	1.66	6.00E+12	10	0.013	6.00E+12	1.827	1.08	6.00E+12	1.2784	0.01	-1	0	6.00E+12	10	6.00E+12	-1
	13	1	0	4	4	6.00E+12	10	6.00E+12	10	1.66	6.00E+12	10	0.013	6.00E+12	2	1.08	6.00E+12	1.5	0.01	-1	0	6.00E+12	10	6.00E+12	-1
##############################			information for -WBeHe			##############################																			
	14	0	1	1	1	6.00E+12	10	6.00E+12	10	1.66	6.00E+12	1	0.013	6.00E+12	1	1.08	6.00E+12	1	0.01	-1	0	6.00E+12	10	6.00E+12	-1
