0	0	0
2.50002e-09	34	40
5.00001e-09	45	68
7.5e-09	66	101
1e-08	70	121
1.25e-08	74	148
1.5e-08	76	173
1.75e-08	76	200
2e-08	82	239
2.25e-08	94	275
2.5e-08	94	319
2.75e-08	96	339
3e-08	94	377
3.25e-08	98	403
3.5e-08	93	414
3.75e-08	101	442
4e-08	100	461
4.25e-08	109	490
4.5e-08	111	532
4.75e-08	111	550
5e-08	114	581
5.25e-08	117	619
5.5e-08	118	654
5.75e-08	123	684
6e-08	124	709
6.25e-08	120	731
6.5e-08	117	752
6.75e-08	128	783
7e-08	125	797
7.25e-08	132	825
7.5e-08	146	883
7.75e-08	145	918
8e-08	142	944
8.25e-08	140	973
8.5e-08	146	1013
8.75e-08	151	1052
9e-08	144	1077
9.25e-08	151	1127
9.5e-08	149	1162
9.75e-08	156	1195
1e-07	155	1228
1.025e-07	163	1258
1.05e-07	170	1298
1.075e-07	163	1332
1.1e-07	159	1362
1.125e-07	162	1398
1.15e-07	161	1431
1.175e-07	155	1458
1.2e-07	162	1504
1.225e-07	166	1539
1.25e-07	162	1580
1.275e-07	164	1604
1.3e-07	176	1646
1.325e-07	171	1677
1.35e-07	167	1703
1.375e-07	174	1730
1.4e-07	174	1776
1.425e-07	179	1816
1.45e-07	180	1861
1.475e-07	177	1900
1.5e-07	181	1941
1.525e-07	179	1987
1.55e-07	180	2035
1.575e-07	180	2071
1.6e-07	183	2112
1.625e-07	191	2147
1.65e-07	190	2191
1.675e-07	192	2223
1.7e-07	195	2264
1.725e-07	187	2302
1.75e-07	182	2325
1.775e-07	185	2366
1.8e-07	195	2420
1.825e-07	189	2455
1.85e-07	188	2490
1.875e-07	185	2541
1.9e-07	196	2602
1.925e-07	191	2642
1.95e-07	188	2680
1.975e-07	194	2722
2e-07	190	2761
2.025e-07	198	2808
2.05e-07	192	2840
2.075e-07	194	2878
2.1e-07	203	2937
2.125e-07	190	2968
2.15e-07	204	3008
2.175e-07	205	3054
2.2e-07	206	3091
2.225e-07	209	3137
2.25e-07	210	3185
2.275e-07	208	3226
2.3e-07	205	3277
2.325e-07	209	3315
2.35e-07	209	3354
2.375e-07	202	3395
2.4e-07	216	3446
2.425e-07	210	3476
2.45e-07	200	3513
2.475e-07	211	3562
2.5e-07	213	3612
2.525e-07	213	3657
2.55e-07	220	3717
2.575e-07	211	3754
2.6e-07	208	3789
2.625e-07	212	3830
2.65e-07	210	3868
2.675e-07	214	3916
2.7e-07	214	3964
2.725e-07	215	4017
2.75e-07	220	4052
2.775e-07	217	4102
2.8e-07	213	4142
2.825e-07	217	4193
2.85e-07	218	4234
2.875e-07	233	4294
2.9e-07	228	4339
2.925e-07	234	4396
2.95e-07	223	4430
2.975e-07	223	4470
3e-07	229	4522
3.025e-07	228	4571
3.05e-07	232	4622
3.075e-07	235	4658
3.1e-07	236	4703
3.125e-07	236	4750
3.15e-07	228	4787
3.175e-07	232	4838
3.2e-07	232	4891
3.225e-07	229	4932
3.25e-07	232	4979
3.275e-07	240	5031
3.3e-07	232	5093
3.325e-07	239	5155
3.35e-07	235	5189
3.375e-07	240	5241
3.4e-07	239	5291
3.425e-07	243	5339
3.45e-07	244	5386
3.475e-07	242	5424
3.5e-07	245	5479
3.525e-07	246	5535
3.55e-07	240	5590
3.575e-07	241	5637
3.6e-07	242	5689
3.625e-07	246	5740
3.65e-07	242	5794
3.675e-07	234	5845
3.7e-07	233	5886
3.725e-07	236	5926
3.75e-07	242	5970
3.775e-07	246	6021
3.8e-07	244	6056
3.825e-07	247	6111
3.85e-07	246	6159
3.875e-07	256	6220
3.9e-07	247	6271
3.925e-07	248	6325
3.95e-07	247	6371
3.975e-07	253	6432
4e-07	244	6478
4.025e-07	248	6526
4.05e-07	242	6578
4.075e-07	250	6626
4.1e-07	252	6670
4.125e-07	245	6718
4.15e-07	246	6775
4.175e-07	252	6842
4.2e-07	245	6878
4.225e-07	246	6918
4.25e-07	249	6970
4.275e-07	248	7024
4.3e-07	250	7081
4.325e-07	250	7145
4.35e-07	246	7186
4.375e-07	252	7242
4.4e-07	246	7290
4.425e-07	245	7336
4.45e-07	246	7380
4.475e-07	252	7436
4.5e-07	260	7498
4.525e-07	254	7554
4.55e-07	260	7610
4.575e-07	265	7677
4.6e-07	258	7724
4.625e-07	261	7783
4.65e-07	255	7851
4.675e-07	258	7891
4.7e-07	262	7943
4.725e-07	259	8001
4.75e-07	258	8047
4.775e-07	262	8094
4.8e-07	264	8149
4.825e-07	261	8201
4.85e-07	261	8249
4.875e-07	262	8295
4.9e-07	259	8339
4.925e-07	259	8403
4.95e-07	259	8461
4.975e-07	262	8506
5e-07	256	8553
5.025e-07	265	8599
5.05e-07	263	8656
5.075e-07	266	8702
5.1e-07	268	8756
5.125e-07	264	8812
5.15e-07	264	8865
5.175e-07	258	8904
5.2e-07	268	8972
5.225e-07	273	9028
5.25e-07	266	9073
5.275e-07	272	9130
5.3e-07	274	9195
5.325e-07	269	9246
5.35e-07	268	9306
5.375e-07	269	9357
5.4e-07	272	9422
5.425e-07	267	9471
5.45e-07	272	9527
5.475e-07	274	9582
5.5e-07	270	9630
5.525e-07	276	9688
5.55e-07	269	9736
5.575e-07	270	9791
5.6e-07	270	9844
5.625e-07	271	9879
5.65e-07	264	9921
5.675e-07	266	9979
5.7e-07	273	10033
5.725e-07	271	10098
5.75e-07	273	10158
5.775e-07	276	10218
5.8e-07	277	10276
5.825e-07	277	10332
5.85e-07	268	10376
5.875e-07	280	10448
5.9e-07	278	10501
5.925e-07	271	10557
5.95e-07	272	10609
5.975e-07	274	10667
6e-07	276	10721
6.025e-07	277	10781
6.05e-07	277	10831
6.075e-07	272	10886
6.1e-07	284	10940
6.125e-07	278	10990
6.15e-07	278	11043
6.175e-07	281	11100
6.2e-07	283	11158
6.225e-07	283	11228
6.25e-07	281	11295
6.275e-07	285	11348
6.3e-07	286	11403
6.325e-07	289	11469
6.35e-07	285	11524
6.375e-07	289	11590
6.4e-07	286	11655
6.425e-07	286	11713
6.45e-07	287	11776
6.475e-07	282	11824
6.5e-07	286	11880
6.525e-07	285	11938
6.55e-07	284	11990
6.575e-07	282	12045
6.6e-07	286	12099
6.625e-07	283	12154
6.65e-07	284	12221
6.675e-07	283	12295
6.7e-07	278	12352
6.725e-07	278	12401
6.75e-07	278	12447
6.775e-07	286	12512
6.8e-07	282	12570
6.825e-07	281	12616
6.85e-07	281	12668
6.875e-07	280	12718
6.9e-07	283	12771
6.925e-07	279	12830
6.95e-07	274	12885
6.975e-07	274	12936
7e-07	281	12986
7.025e-07	285	13049
7.05e-07	285	13109
7.075e-07	286	13168
7.1e-07	286	13228
7.125e-07	289	13290
7.15e-07	280	13339
7.175e-07	288	13408
7.2e-07	284	13465
7.225e-07	284	13510
7.25e-07	288	13567
7.275e-07	284	13618
7.3e-07	282	13667
7.325e-07	280	13722
7.35e-07	285	13792
7.375e-07	281	13836
7.4e-07	285	13911
7.425e-07	291	13968
7.45e-07	291	14032
7.475e-07	286	14074
7.5e-07	285	14129
7.525e-07	294	14200
7.55e-07	287	14259
7.575e-07	285	14302
7.6e-07	284	14348
7.625e-07	287	14410
7.65e-07	289	14473
7.675e-07	288	14537
7.7e-07	287	14589
7.725e-07	291	14651
7.75e-07	291	14696
7.775e-07	292	14755
7.8e-07	302	14819
7.825e-07	289	14870
7.85e-07	293	14936
7.875e-07	286	14984
7.9e-07	293	15043
7.925e-07	297	15099
7.95e-07	294	15156
7.975e-07	294	15211
8e-07	297	15267
8.025e-07	290	15319
8.05e-07	296	15372
8.075e-07	299	15437
8.1e-07	298	15482
8.125e-07	290	15527
8.15e-07	292	15578
8.175e-07	299	15628
8.2e-07	306	15687
8.225e-07	298	15752
8.25e-07	297	15830
8.275e-07	292	15885
8.3e-07	298	15945
8.325e-07	297	16009
8.35e-07	296	16065
8.375e-07	300	16120
8.4e-07	305	16173
8.425e-07	307	16242
8.45e-07	305	16311
8.475e-07	303	16366
8.5e-07	301	16415
8.525e-07	301	16470
8.55e-07	298	16530
8.575e-07	296	16583
8.6e-07	301	16651
8.625e-07	305	16722
8.65e-07	302	16780
8.675e-07	303	16834
8.7e-07	297	16878
8.725e-07	309	16943
8.75e-07	305	17001
8.775e-07	307	17074
8.8e-07	304	17141
8.825e-07	307	17191
8.85e-07	304	17253
8.875e-07	303	17303
8.9e-07	310	17364
8.925e-07	308	17420
8.95e-07	300	17469
8.975e-07	302	17542
9e-07	303	17592
9.025e-07	303	17633
9.05e-07	304	17676
9.075e-07	305	17748
9.1e-07	300	17808
9.125e-07	304	17869
9.15e-07	298	17913
9.175e-07	298	17966
9.2e-07	302	18027
9.225e-07	302	18085
9.25e-07	301	18135
9.275e-07	306	18196
9.3e-07	298	18243
9.325e-07	303	18300
9.35e-07	302	18349
9.375e-07	296	18397
9.4e-07	303	18466
9.425e-07	301	18536
9.45e-07	305	18600
9.475e-07	301	18651
9.5e-07	299	18705
9.525e-07	301	18766
9.55e-07	303	18822
9.575e-07	297	18884
9.6e-07	301	18937
9.625e-07	301	19003
9.65e-07	298	19058
9.675e-07	298	19113
9.7e-07	297	19176
9.725e-07	300	19232
9.75e-07	297	19288
9.775e-07	304	19360
9.8e-07	302	19410
9.825e-07	300	19488
9.85e-07	299	19548
9.875e-07	295	19610
9.9e-07	292	19660
9.925e-07	299	19711
9.95e-07	300	19774
9.975e-07	301	19830
1e-06	300	19893
1.0025e-06	302	19956
1.005e-06	296	20012
1.0075e-06	299	20062
1.01e-06	296	20128
1.0125e-06	305	20196
1.015e-06	298	20266
1.0175e-06	295	20323
1.02e-06	296	20388
1.0225e-06	294	20442
1.025e-06	299	20513
1.0275e-06	297	20571
1.03e-06	301	20642
1.0325e-06	300	20707
1.035e-06	299	20756
1.0375e-06	301	20810
1.04e-06	297	20860
1.0425e-06	294	20909
1.045e-06	299	20963
1.0475e-06	298	21014
1.05e-06	299	21083
1.0525e-06	298	21143
1.055e-06	303	21206
1.0575e-06	303	21275
1.06e-06	302	21328
1.0625e-06	302	21398
1.065e-06	299	21448
1.0675e-06	300	21506
1.07e-06	299	21569
1.0725e-06	301	21628
1.075e-06	299	21682
1.0775e-06	300	21744
1.08e-06	306	21801
1.0825e-06	307	21851
1.085e-06	301	21919
1.0875e-06	301	21975
1.09e-06	299	22031
1.0925e-06	300	22085
1.095e-06	298	22148
1.0975e-06	299	22196
1.1e-06	303	22245
1.1025e-06	299	22296
1.105e-06	301	22370
1.1075e-06	304	22441
1.11e-06	298	22491
1.1125e-06	300	22555
1.115e-06	301	22625
1.1175e-06	299	22680
1.12e-06	306	22757
1.1225e-06	305	22820
1.125e-06	303	22875
1.1275e-06	306	22952
1.13e-06	305	23025
1.1325e-06	298	23076
1.135e-06	305	23143
1.1375e-06	305	23209
1.14e-06	305	23280
1.1425e-06	299	23330
1.145e-06	301	23394
1.1475e-06	308	23453
1.15e-06	309	23515
1.1525e-06	313	23588
1.155e-06	308	23639
1.1575e-06	309	23713
1.16e-06	304	23750
1.1625e-06	310	23812
1.165e-06	304	23875
1.1675e-06	305	23938
1.17e-06	307	23998
1.1725e-06	305	24061
1.175e-06	303	24120
1.1775e-06	309	24191
1.18e-06	304	24255
1.1825e-06	306	24312
1.185e-06	312	24390
1.1875e-06	305	24458
1.19e-06	308	24523
1.1925e-06	308	24574
1.195e-06	310	24661
1.1975e-06	306	24728
1.2e-06	306	24785
1.2025e-06	304	24843
1.205e-06	309	24911
1.2075e-06	304	24982
1.21e-06	308	25057
1.2125e-06	303	25118
1.215e-06	313	25186
1.2175e-06	301	25236
1.22e-06	303	25296
1.2225e-06	309	25357
1.225e-06	304	25421
1.2275e-06	303	25473
1.23e-06	306	25537
1.2325e-06	309	25607
1.235e-06	309	25658
1.2375e-06	308	25720
1.24e-06	302	25783
1.2425e-06	308	25860
1.245e-06	309	25925
1.2475e-06	301	25967
1.25e-06	307	26019
1.25e-06	307	26019
